2446
31495
25048
27357
29306
27263
37592
35030
21568
24218
20018
15917
4154
37455
13393
31899
455
9692
24792
34140
19478
26111
10498
19803
34107
35073
3153
9182
29164
35394
21968
28049
38309
15023
37687
35179
3856
27107
8290
17381
10003
15278
16674
13146
7736
7002
566
30136
37291
11907
27012
13128
29508
24001
37952
32589
36765
19683
18644
2359
25445
19926
16206
14997
27630
2135
10910
34469
36671
30458
16475
1623
14379
8106
31370
12960
5191
6715
17415
25304
2608
14231
4496
13322
37035
20923
24689
33127
8501
38698
12263
32561
13180
14159
24339
31718
11058
13424
9914
34589
32987
6101
2894
35452
20589
32387
29455
36660
14839
1391
2451
7853
3954
12508
29819
17717
33301
24923
20295
27010
26248
29400
5802
33593
34302
2717
38600
25062
7652
27969
24067
27347
25435
957
19663
14640
15092
21933
38585
5834
3888
18618
29525
34363
11443
14034
5927
26751
36852
30677
14685
119
17037
38883
37888
24901
35591
28769
15990
37601
17084
20771
28899
33912
34120
19424
14200
21745
27363
10422
36625
11566
17726
31775
18348
38737
15424
17779
18632
33878
6341
27039
2422
25995
30970
19128
21347
9180
27993
6688
4208
7660
17318
33938
2879
16481
36249
1872
27035
23559
24132
12016
32864
9555
35558
29014
4990
8425
33628
37269
10093
19845
34203
20660
28514
15744
6656
3508
27343
27575
32249
1324
13332
33111
35737
35237
23319
14871
32652
22425
28771
6974
25885
6712
8559
633
4827
21023
31250
37258
22345
19970
11634
6120
2622
35418
35777
26393
11668
29128
19246
11660
26432
30718
1028
10908
26870
12306
20135
15986
9947
35105
37953
279
5954
16667
18090
15713
19615
27415
18336
15921
38695
32555
17156
22685
20506
35207
4912
5306
1231
8737
4556
16905
3335
518
5142
1731
16027
31487
33109
34340
934
37026
17354
9845
16759
8855
7826
16393
3106
5625
1273
38273
31079
2381
4630
7356
30960
3997
1194
19060
30208
33769
14156
4616
15230
24733
8985
8128
6966
12887
30206
8020
23243
30747
2081
5114
16625
4507
37692
6474
18030
10978
29966
35839
32170
34249
7911
31488
36777
10135
4252
19566
26441
26993
17932
34845
13708
34402
13620
26228
30613
36929
30869
7460
13242
12495
31542
29007
34925
18575
28305
27355
5092
5465
29444
26686
3078
631
1163
21573
26118
35377
2462
24818
8745
30396
605
21265
14935
25893
37650
36539
15406
4483
7556
34276
33788
8507
35991
34404
23461
35445
15298
11274
7100
20861
16594
34380
12060
20329
8603
30729
8517
33815
11972
25501
20398
28115
1828
23529
8618
29138
35929
27252
6872
30322
29203
4826
17872
33610
1876
21387
20633
32811
9982
13602
23421
26547
11956
4157
38643
16327
10323
8967
33430
37467
1947
38550
13066
2239
9766
19232
8493
24259
21381
17004
20305
21843
31974
24730
15691
27162
38217
30727
26271
16359
38531
3046
38708
25602
34659
28377
29023
35255
15252
37878
7142
23023
18450
22038
23541
32759
7343
10664
22698
15568
14096
18413
11944
15650
27095
4796
28962
24664
6060
27400
32720
17418
36783
34543
18418
13232
5788
2658
28533
35588
9207
28501
26945
28534
32397
31643
6222
35923
2694
31621
2358
29260
34154
657
19302
21483
19008
23766
16576
1487
16297
26609
26653
12692
30851
1329
37578
18100
31170
23069
15322
3638
25034
19460
36866
11988
20488
22664
12529
23680
31478
35634
1931
13556
912
7706
17633
6316
38646
12008
21655
35779
15236
17556
6904
36429
23601
6088
30775
30446
19193
31801
3876
22187
21915
29674
31688
4182
28982
2119
37071
19495
2424
1049
19390
23397
10331
10494
23625
31384
2352
10525
16060
29856
11722
31673
37378
11457
29920
3012
7606
6960
30203
12564
3473
1201
4628
33242
8110
422
28147
14573
28969
20260
35381
29103
21210
38806
35706
29586
22937
6978
29045
1907
30508
1323
17011
16693
10666
20343
23997
2205
17154
34637
9655
2145
6724
33211
21723
23350
6968
19718
19266
15206
35919
7644
12530
13766
5037
5074
27813
23153
18613
6878
13014
1575
9905
19
29898
26076
5922
37419
1175
18251
26109
13938
21435
7981
1671
38327
25593
35902
35687
26805
13960
38797
37748
17537
9027
9507
11811
2513
11816
27495
12776
37557
38457
8350
32868
15484
26399
18726
14923
6017
9871
30492
13610
2429
29752
38131
3107
5139
16703
15188
7519
31106
26017
26225
29792
38395
26361
6716
6671
16381
2107
2149
2840
23530
1271
29492
33052
25040
38031
14585
35407
19623
10582
8421
28551
23437
26001
29972
10101
10882
5372
34739
19860
12366
23890
35406
33870
26935
20805
24925
14180
19969
23033
7844
30400
23565
3755
32000
35431
7158
11826
10205
16396
16649
22397
19636
27226
22561
19339
24185
37837
1457
2361
15870
21125
30209
15572
21612
485
9753
9059
21520
9993
1857
7978
9939
25234
34101
8312
11516
3004
3656
16391
20857
5385
23059
15302
5684
28878
26847
18077
32201
37765
2173
5537
34558
1651
14816
23027
8809
18126
20697
13621
35109
18352
12917
32335
29287
19944
9095
3433
27640
20056
32901
25200
5130
1653
36776
34927
33482
2524
21834
9076
8439
5824
15697
11959
13820
30979
5486
8477
6677
29021
19911
992
13604
17701
33285
22288
36577
35809
13588
14201
9127
8937
18943
38195
32121
27358
7974
19069
14056
14733
23147
2706
22020
27371
19281
37830
37763
16005
845
27359
72
22449
25847
22567
34837
8013
16055
9971
1339
21263
24676
25522
1791
29182
24866
29682
35142
35829
21960
25636
32679
34429
15651
3585
23934
12435
30822
14311
10914
35583
24754
10745
2848
29363
22517
16503
28997
6286
15129
28362
31054
251
35119
4833
23061
21135
13569
9057
3810
20971
6098
8873
11478
13058
19866
5580
3774
26191
25098
36710
2043
32595
27219
5906
4054
10998
20315
15158
5524
4785
7441
21449
38243
10556
5395
38872
11170
11498
22235
34070
24065
17244
637
6473
2968
32026
5188
2886
36007
5789
23208
12950
12430
10065
37678
35209
9761
26953
19721
37657
21894
33011
13456
16695
38378
11508
27100
14692
13878
15635
9429
24476
21592
11951
37043
18196
3654
8305
11990
5597
15380
26433
33380
14099
6225
38102
33453
23897
5145
25387
9888
37237
11770
28224
23517
1880
19690
14411
16820
28947
13537
7339
12333
14949
24003
17478
1157
4096
10236
11074
11748
5715
7696
18640
38271
9537
31234
23229
34317
14934
24952
31531
13237
20659
17069
9320
37034
37211
21886
6946
13392
11724
4093
1119
35746
22068
14287
5946
3138
16325
5404
36386
3204
22499
25126
16956
33224
6472
14246
36436
3598
38858
13842
8805
37414
35505
33162
33904
28350
15945
25698
9615
26897
2450
9539
29051
26919
32839
26117
19308
28972
32299
27474
31884
22617
21160
16921
17161
34595
21309
5518
22203
24890
30519
10356
22430
22692
14474
5649
2718
29760
21996
24242
18521
22883
32702
12038
35783
13914
6245
38821
37962
14639
12712
14093
15527
24125
7077
2319
9101
31524
23627
23123
1285
8909
25836
31158
11406
35495
17731
31561
9531
18748
33480
35009
9567
34657
15930
36553
5734
12702
5763
32599
29355
29571
17474
31659
33382
17852
17624
35885
36453
20543
24644
15398
1673
28779
32313
20212
5164
23454
33887
33900
36463
20965
23662
22479
6570
2550
207
24345
36601
27659
28591
36483
28907
14632
38179
29836
23661
4133
37999
26009
6195
24288
14819
10962
12058
4320
16405
24606
18520
28346
9345
4080
2294
27787
38620
34627
3144
12156
20773
27550
32929
5315
1993
2478
32912
24740
31215
8662
4568
25578
29414
11000
14358
835
5923
38407
22269
16899
18067
18306
19236
5473
12385
14251
26832
17252
23672
20367
6600
11042
21948
17557
7955
34087
35085
38278
30150
7523
3316
6604
753
20049
10944
32411
5007
38691
21283
14077
3094
61
11154
11172
19666
6460
10694
18124
33780
33075
27092
4590
32548
1131
539
14555
18186
123
7252
32533
22057
7452
34736
24017
11162
24123
7021
23677
21559
5025
14012
8652
20992
9071
23485
11620
24262
6262
15109
10612
12757
31080
29767
19113
21870
5449
29136
31535
6885
25781
12616
28459
14771
23748
6770
35321
13318
1640
30013
8818
20999
15539
7614
15001
38118
30231
19190
32737
29424
4078
12122
29670
709
17476
24165
5167
8222
1499
17648
3542
37367
32646
36775
17086
6346
3718
1147
21019
10242
18422
34278
622
23381
38891
14539
4787
38521
23079
35197
33233
8125
23429
18221
26559
19736
20728
31479
38895
104
13982
32788
34613
36819
37843
19660
38022
22966
22843
33119
17442
2065
32287
38047
26989
11068
15780
32455
16453
23660
22358
15899
35079
38013
10379
5019
11898
6409
30108
11932
1531
31774
1511
20871
3560
10438
22987
5247
21300
4862
24486
16557
5839
25063
4810
23867
10548
1108
16155
1627
24350
26153
12844
17270
15898
12690
25657
659
9922
12201
21361
26563
5444
5545
31719
36262
5886
31324
8600
32265
35837
8751
25629
391
28153
22846
33889
34885
8630
11853
33253
19532
21320
24768
27758
23353
23203
30443
3387
20937
4896
30875
33345
21067
12562
31787
12375
19995
29429
10117
9131
14684
35244
1117
26390
35995
12440
4692
22615
24616
27987
8696
15035
2776
15318
34086
15578
20494
33694
20537
14957
15234
22865
11864
32796
25188
25726
16879
21695
20205
25486
24882
35139
3066
29077
7104
29632
35511
17379
36217
27384
34123
12120
22195
38793
4642
16133
8451
34127
16909
24284
19283
34475
1033
18429
18097
29896
30710
38030
17738
7300
29219
18190
30572
37002
27895
27390
31981
5079
34563
26821
22560
20467
34741
33153
12356
8721
29194
7812
23459
19168
989
10271
823
31226
413
10798
38171
6340
6516
24105
20862
31172
22683
17592
36446
13584
208
36760
5842
6910
13005
28956
26173
26570
23725
14421
11834
18404
29552
16797
4935
8168
33970
29354
38752
6938
30667
22101
19320
21553
29718
26008
2402
11594
11992
21694
19098
1158
25154
20404
32701
8747
16757
17666
1578
11290
16432
37101
3564
24746
7320
34028
24374
36962
394
16779
38661
17216
14813
17277
17934
1849
6317
31735
27587
24273
15022
6907
6834
27085
20291
16273
26727
1768
7466
3452
10005
4034
14000
38262
18801
37145
7120
4870
27382
34639
22158
24483
3731
37082
8008
19758
2071
12170
26298
34314
10954
5918
3054
36756
139
244
26829
13974
17364
19148
18044
33908
33760
20439
33
14030
26295
36481
2194
26374
23909
35035
26587
28936
25395
7251
38371
24963
20967
12916
37355
20521
15059
38705
30868
14177
23637
6408
35998
32371
20171
22315
1489
24808
38214
24654
3123
21698
24267
13654
5077
19570
773
13346
26495
36757
8488
764
35727
35887
13015
9593
2624
307
29993
32684
7058
7760
33057
26188
22186
32291
20088
38625
9689
1035
16208
12132
4906
12124
4053
20466
1079
24427
21765
6250
93
15212
36242
21546
2780
10852
3622
35037
6052
28187
29640
24854
27935
19816
12804
37499
9315
27964
32023
15468
5583
37856
19181
10059
21737
36994
33892
33239
6894
10155
10814
26419
8731
11110
19307
19104
368
24383
2842
737
36293
13068
12516
10333
1361
380
26990
25708
25682
37469
12914
33093
30516
14166
13457
17200
22810
31670
27921
27057
34356
15757
36315
19259
7263
3868
25106
20917
33830
7232
38812
6444
24302
29810
481
20597
30807
28984
17125
12490
16721
25264
35733
3676
37804
18134
30126
2061
34455
35541
38268
38301
17868
18976
23273
14981
31661
19692
6862
19746
4218
9250
25520
20383
10764
6325
7388
30817
18234
11538
11684
18170
32865
35676
5477
13090
9842
8406
2720
34370
27979
12087
18420
604
35189
38355
9523
24520
25018
34881
31679
13896
38055
14556
10506
33444
2274
17647
37859
31378
14102
12131
9003
21503
35499
13331
36268
13161
11314
34603
7530
17113
32853
30030
18333
34299
8825
26135
12492
29498
3370
12753
24777
28477
29546
36595
19172
29812
21667
2306
26309
4003
25444
31878
3768
17893
31286
25104
5894
22953
10785
38553
22330
30287
12497
25092
19554
9491
1013
12304
35356
1677
34584
16999
34311
31416
20021
6210
257
29382
20328
12160
25390
37177
15449
33397
10838
10750
35521
31868
14581
19247
20048
6483
32634
31647
10031
4239
9243
26430
31458
37245
11738
38170
24174
16685
34215
28523
14541
2072
18684
33650
24580
6330
4636
24982
15148
7752
26404
32710
14255
19714
2874
20310
34868
28834
5459
35292
34084
7096
29735
7052
19447
12518
30552
14563
32997
33359
24369
19948
9786
26038
25354
11810
11234
21572
35103
8216
35067
26269
21280
525
33723
2177
22679
34615
36755
13152
15530
16574
30876
35731
7987
29285
15643
3892
4457
25340
2211
3003
31136
20535
3229
7228
6042
21588
7190
9109
25978
25238
3987
17073
18503
25958
27307
18058
6531
37417
21730
12944
34065
28487
14973
29540
7744
2858
29423
8397
13594
3104
22563
33704
36295
30480
7804
23349
22147
18806
23107
10805
10450
34353
34042
20693
7841
23365
15020
18113
31068
8006
25980
34664
24117
24498
37892
8487
9460
35330
5027
30084
27777
19027
23394
36134
8417
6024
26917
25852
12602
3096
32635
4718
4415
5485
14234
25775
30328
38716
16107
18574
9759
28750
9559
27152
13227
33890
28253
1103
19720
9023
22028
18484
35459
28689
36397
37213
21923
28407
4989
25923
15006
21033
37609
12334
16073
20895
4620
929
26519
29227
31162
25288
36396
31848
3100
38244
12446
21640
1446
12308
15717
31866
1059
26337
27880
22451
13132
19611
10385
8176
85
24294
13552
32059
21370
15240
21609
31580
20863
4472
35246
31919
19754
26564
37028
20282
28597
29339
33995
3604
7201
24410
26896
30828
34254
27759
24725
6826
1102
10557
13871
16288
35269
12096
18152
30415
9797
5184
37788
28311
8723
7534
21121
37239
36286
38699
3922
1169
21240
38037
36904
3562
25186
217
9668
35986
26656
34703
34296
213
14176
11596
37779
6407
9551
30034
19510
23425
5466
9289
78
21621
30647
18871
416
6023
22742
16734
33381
36372
21778
33967
19695
5423
17859
2726
30177
23262
35608
28781
30746
31755
14966
15542
28630
14439
15276
17656
9839
2764
31600
8129
15309
15039
23322
28966
23948
10442
1266
695
2415
18355
10988
23469
25190
10226
20841
5804
19851
13344
12261
16515
36683
30630
6684
16849
4270
5287
26035
24275
23648
1556
5217
16042
23861
19290
18694
4131
17182
2188
15558
16307
27505
37825
23173
7631
14217
3154
26025
11185
6384
12964
5919
13348
26417
36479
12820
27818
12650
31050
11828
27249
34190
15878
24786
7688
13214
11677
36763
17368
4644
35551
5351
35422
13336
28198
36411
17734
37973
2379
3752
5086
36334
33759
2602
5687
8470
26515
12272
16397
32413
30974
15107
20244
11126
31414
27440
4059
1067
36685
27007
26926
14943
1493
3022
21056
138
800
11168
27373
36991
5199
3221
8395
2394
2179
15837
23335
12713
8002
27138
36885
10305
13377
37462
19871
25074
34737
10822
4558
20475
2438
31235
1599
30098
19835
18366
37334
13458
12606
35503
16783
36087
11382
29924
33997
16207
31026
34583
9714
6193
15123
14415
23444
17051
4720
26087
19158
8553
36304
28369
26379
818
30707
38347
23707
7914
23679
872
9661
36331
18936
16665
33966
37587
4386
24466
9604
6854
26375
29936
20436
33717
20732
4150
38399
337
24396
10511
30070
19122
14989
26125
20943
7983
14499
25068
17226
10448
26783
17053
19273
3132
6920
12873
28949
34376
14233
905
26331
449
5381
13352
6840
1755
26557
1073
33797
36085
28078
26633
37147
17982
20785
2121
9739
22453
6200
38762
8795
30331
12506
10828
27340
1441
16623
2824
10374
32419
7866
11026
33023
31133
10575
29066
16799
10496
18338
2574
263
31913
17201
11720
16102
22501
4052
26151
32275
37290
35785
12954
28335
14594
37613
21653
38617
23024
7020
32082
16303
2234
32923
28595
15858
31680
38209
33701
3649
18784
32149
3083
17492
25729
28575
38903
11024
7378
11946
29394
18594
14235
26268
14852
35011
35536
16902
3170
4338
5101
7089
1767
11377
157
36471
36547
26222
20672
25474
9595
25533
18290
30680
34117
15632
14394
27420
7448
3320
6520
15435
8642
24436
14542
9489
15284
24349
11040
26815
18346
33243
28132
2805
24059
21917
34097
10946
4082
31528
11052
33630
22489
21270
17762
37581
10794
8867
13400
13777
24585
9965
7618
37039
38630
23825
7084
4520
5502
9417
6498
33307
16427
36142
10290
26055
2682
29574
34686
8913
25352
23216
20268
17736
20951
29744
10296
14487
6390
16615
14148
2696
9451
14022
35113
15247
35145
20251
13898
20342
4735
9950
5425
15116
2153
11912
7855
37403
5712
35509
19087
7345
34465
7202
626
5828
19973
38453
28358
18037
2180
20401
7625
36136
28847
2560
31862
14995
4206
23594
36166
2721
15233
33230
20913
15755
1115
9389
7414
19136
20045
24831
1884
4199
25878
24444
18763
9189
21163
16244
17262
37747
31536
32329
25258
37025
17160
30080
4654
36986
23819
21085
30394
1016
20584
35083
12044
13483
9509
16773
11482
289
29052
13608
27770
34580
6150
9929
3336
29772
11766
33620
7366
21217
19346
32661
8012
3325
27971
17336
31724
28975
35593
13182
35764
5374
2013
28586
36735
20070
26597
22357
22545
18398
23409
11719
28877
887
2330
22642
14671
7128
15983
12210
33221
7619
28503
17222
18432
31951
36459
27933
14795
32353
8803
14185
18396
2167
21931
15378
33259
28737
14925
30418
37842
26473
15562
11346
22469
14202
35175
23696
7166
987
21930
4308
13576
17684
8741
30066
38603
5227
27294
22821
10342
26691
3303
30896
1777
26747
5370
28647
27486
32538
23893
35203
21883
1029
4574
18568
12610
4964
19588
405
14071
37840
10297
1132
7056
35954
28632
5110
31375
10976
18892
25472
15670
28217
32784
36951
35090
1095
32013
28887
8583
36659
27633
962
11177
3243
9908
15922
16418
7396
3985
13616
19409
38079
31283
22651
30696
11836
28116
20131
27365
25591
27837
9106
19297
4042
9899
31083
10139
10217
3858
27957
23689
15866
15547
25485
17217
31957
4326
5012
18107
22525
22094
36623
25806
28497
13033
12716
32401
25291
25370
14713
3905
29737
7150
6519
26801
33415
32292
38869
6695
5665
32061
27025
35137
10193
24487
16365
9351
12569
23837
12780
13678
17958
37483
696
2488
35476
17546
32079
36573
6754
12842
23214
199
19849
7494
13672
33566
27195
17926
35831
7308
36440
3784
23466
21748
19321
19979
30085
27509
19360
18698
28875
653
14863
4029
2664
25024
24646
3225
2610
7527
32229
38589
35749
21109
24010
4485
12234
27852
6999
21792
36957
13946
877
32826
30514
32780
31554
7769
34081
26692
31763
17652
22740
2912
26105
16070
12488
7869
13423
31496
23149
25518
5307
20511
8934
7585
1871
12636
28859
10692
8611
38687
26195
14036
32824
32136
14823
25000
37643
16170
35818
21298
2510
29058
5530
21205
2633
35285
35215
22510
10283
3442
15875
36181
25637
9031
16048
35646
2557
10652
27009
3353
2669
10171
10734
30910
10133
12648
33613
26366
20799
7880
9675
1831
12317
9895
31314
2118
16142
11148
2497
10392
9924
15442
9621
21878
1937
1311
31754
21711
30520
31440
701
35656
37736
35371
3779
38357
20065
18150
5787
9946
11699
6300
26717
29878
11528
29716
13183
17650
4758
38471
31837
30368
14899
16084
17346
7712
23355
309
18470
3468
21186
28299
17388
26439
37582
8910
30164
24390
33026
5051
13490
21338
19925
30138
9614
22619
25084
34679
37332
11049
37591
30708
36867
8508
37096
16053
2735
29899
21025
1893
31148
15057
13262
26355
6590
893
88
21012
32399
8510
16969
10527
22903
27185
4812
27638
3278
22727
7382
34525
34150
4173
20489
4669
12946
30638
34607
9867
13526
35167
14809
29592
36861
29104
3824
21957
23923
10256
18408
9499
34145
34600
31930
15551
524
17530
24748
24114
30315
25938
641
1661
4802
9259
6813
38508
32601
2370
21813
5534
15472
11830
21891
14911
26287
17319
21605
21654
17443
4981
29170
18402
3851
16943
36684
33143
35617
36171
31179
1292
24343
2734
26543
38483
2978
19710
18997
16420
18052
10740
38905
6219
36542
15998
20939
28896
975
10587
36579
24051
8994
11182
14802
433
34943
33739
29801
38854
15461
17340
35959
27117
17445
18559
37283
17778
30240
2695
30026
33100
6370
8993
17536
31606
6301
35191
14811
12905
35281
19568
38558
10816
16807
26725
29534
34620
788
28087
27019
10260
33990
34782
34080
34854
9583
17176
32124
21900
38849
1764
15541
20188
4704
15079
14693
21707
16795
26602
1803
16082
18766
19843
19368
32501
9495
28069
27214
3268
23213
4830
17063
1019
20225
8817
10921
875
29667
7956
19169
13330
13296
20011
2080
35181
23367
20699
10238
4715
16135
36369
2036
7694
22227
35355
32127
29456
31059
4258
29652
1111
38823
31408
36357
22071
25216
9379
34945
31784
6428
15746
17878
22363
28599
17824
7611
3436
9510
6426
13319
25898
12975
11665
20357
30790
34038
17776
9461
15782
38758
14874
33679
29472
11084
18930
35094
28513
7122
11965
15959
2766
24392
28472
20434
32925
273
16597
29653
665
4025
33490
38664
29398
33344
27470
38515
13245
13482
38387
19627
4024
15388
28029
8742
36677
22971
13198
27887
18194
19649
17078
38482
22964
18960
32131
29650
9751
3180
37941
11218
30234
34104
10963
32018
32794
22346
1199
30934
21881
35512
9406
18040
36694
31019
21807
36833
12816
7088
14939
22179
37019
31164
1327
7118
21624
18378
25537
21150
10638
5045
3266
9673
20479
20298
3554
16506
1951
7094
1843
24045
6692
35719
11123
10378
12520
37492
9169
20257
11349
37013
32803
5817
22482
31709
22797
14382
3640
35303
23547
9973
14128
35735
15166
16400
9012
8446
9594
33323
13252
36523
18368
8775
203
30540
27070
35886
37577
15732
3935
32398
14230
16636
28327
27317
19367
25809
17049
29628
33138
7156
31711
33204
13781
17458
23915
24666
10618
11155
12182
15052
15283
28557
3989
14553
21973
32427
31649
11673
27775
35833
4769
27312
22116
5380
19399
7902
12675
10650
6981
35439
20362
25861
12754
27119
23828
9931
22183
3758
2569
36254
12154
1277
25108
25712
6943
37634
12191
8743
1747
26677
26384
2296
31044
37481
1643
28030
18499
14417
16020
15330
4313
21175
18082
12098
6242
34588
24467
25688
18508
36849
10544
26819
16012
36785
3838
31771
21808
1383
37139
9069
12134
3447
37252
25832
3958
4678
4158
29698
11849
22754
31696
10198
3923
8052
1563
14465
17692
33272
13358
28336
6664
27704
3252
30162
11851
17524
31426
18390
11761
17027
7768
1867
10926
16661
35287
37959
7722
1557
28393
3348
24983
17834
16096
20945
32096
26507
13859
17569
28297
24310
14857
35867
3480
8041
15873
10997
1597
26639
3832
30493
2375
3438
23895
6760
10887
30455
34847
23194
30428
35160
5240
8422
32467
23812
11399
15524
18334
12050
30840
23693
915
11878
31404
17796
18316
7439
15400
12417
29973
19889
5791
976
24838
9925
27403
38241
37698
15469
20855
36195
36869
33635
35124
37965
31102
20613
25172
12496
35380
13844
30388
9343
5831
28758
15382
37121
16050
8953
35328
13496
32705
22295
19051
12977
5636
30603
35527
26050
2405
23302
2998
25981
29275
24834
19526
3652
11090
27833
22912
29511
17018
34504
33152
16837
35349
27821
32103
8911
20455
6382
6740
13205
8321
23363
18436
5966
6618
17674
10371
11793
14910
35566
29721
35317
22487
4385
9303
27589
2607
14323
32448
10268
22677
1516
33697
26261
18372
37471
22703
23106
11152
3374
27494
22794
12993
10509
28345
14827
10219
16726
35261
15591
34170
1933
4424
34251
15532
22539
19903
26265
33695
19981
18578
9543
979
7380
14289
14743
38842
8435
31847
4006
37349
6786
1751
24129
17773
11966
2495
24662
33558
9261
14680
15846
35916
13585
10992
13396
14291
32967
36949
3088
15031
7078
22762
20457
15431
2520
18428
2710
35755
23217
21174
19888
33113
30356
17716
34263
36350
3509
14865
18956
4861
21094
2385
26575
23836
6094
11464
1304
27955
7181
19770
28609
37676
22534
7884
11998
19055
29706
29457
37167
10614
7866
25735
22081
30309
31968
25242
22671
5333
15774
20853
19680
25093
14074
34003
1460
4872
18789
20255
36261
26277
33505
14803
18910
20978
11597
20778
15312
24842
29421
9771
17091
35143
12998
35586
35491
32081
31401
8639
8223
33861
19553
6936
17668
22117
18280
15726
23651
20827
21721
5703
30346
12014
23881
33502
11037
15683
25467
587
1197
19373
26712
4898
19613
20239
3116
26115
5561
19396
36359
30185
21166
25415
26681
27380
