0.19316103
0.19305207
0.19349701
0.19286441
0.19318080
0.19306025
0.19324787
0.19310083
0.19365137
0.19312035
0.19305179
0.19332814
0.19298745
0.19323261
0.19321910
0.19368610
0.19309562
0.19325872
0.19292860
0.19340742
0.19331221
0.19310493
0.19327458
0.19292149
0.19317856
0.19312784
0.19313524
0.19304446
0.19329748
0.19303971
0.19394116
0.19344419
0.19322499
0.19323874
0.19308609
0.19352852
0.19291418
0.19304279
0.19313950
0.19317758
0.19288719
0.19305019
0.19323805
0.19292625
0.19340943
0.19303843
0.19308111
0.19298050
0.19319989
0.19304253
0.19330790
0.19313818
0.19342274
0.19334114
0.19345138
0.19331378
0.19332965
0.19331661
0.19318786
0.19319013
0.19310062
0.19369513
0.19312441
0.19319594
0.19394088
0.19321263
0.19294785
0.19321084
0.19292361
0.19310642
0.19316395
0.19325044
0.19287057
0.19296457
0.19311147
0.19334669
0.19312219
0.19309668
0.19312212
0.19286071
0.19314273
0.19371803
0.19346942
0.19298911
0.19307383
0.19316825
0.19308750
0.19324875
0.19334084
0.19310133
0.19306896
0.19330442
0.19317946
0.19316623
0.19327832
0.19311260
0.19303163
0.19312269
0.19315128
0.19303913
0.19299047
0.19318346
0.19347146
0.19325923
0.19308578
0.19339767
0.19308689
0.19322976
0.19320434
0.19316810
0.19309088
0.19315273
0.19322742
0.19332081
0.19313421
0.19310583
0.19319384
0.19311398
0.19317596
0.19307524
0.19314073
0.19309902
0.19353004
0.19334044
0.19326152
0.19308136
0.19316946
0.19327763
0.19322938
0.19285000
0.19301326
0.19288281
0.19313831
0.19328535
0.19318272
0.19309618
0.19307485
0.19359975
0.19303311
0.19326337
0.19286475
0.19322195
0.19314433
0.19322493
0.19310871
0.19300135
0.19306971
0.19312859
0.19306587
0.19313677
0.19305400
0.19304651
0.19328811
0.19325380
0.19292446
0.19318178
0.19308625
0.19321693
0.19344156
0.19308392
0.19317396
0.19288342
0.19327935
0.19330942
0.19339732
0.19315820
0.19334888
0.19301172
0.19314102
0.19321971
0.19311030
0.19293942
0.19317012
0.19324306
0.19309399
0.19322523
0.19317227
0.19312604
0.19321103
0.19357114
0.19307029
0.19334099
0.19335092
0.19345254
0.19311424
0.19341078
0.19325084
0.19311610
0.19301544
0.19313844
0.19290999
0.19326680
0.19307775
0.19338615
0.19305416
0.19298371
0.19325197
0.19309623
0.19296353
0.19306428
0.19320564
0.19311298
0.19320093
0.19335635
0.19308821
0.19306616
0.19331996
0.19319806
0.19355939
0.19325788
0.19327416
0.19314757
0.19298022
0.19311295
0.19310376
0.19314745
0.19317493
0.19291206
0.19311144
0.19379548
0.19329280
0.19312042
0.19337950
0.19341280
0.19319364
0.19318503
0.19315265
0.19297841
0.19306760
0.19338632
0.19330933
0.19315455
0.19303105
0.19311033
0.19324750
0.19330538
0.19309534
0.19335466
0.19333050
0.19312466
0.19297560
0.19317253
0.19318009
0.19327071
0.19296415
0.19305682
0.19307149
0.19309698
0.19318387
0.19335952
0.19295788
0.19318484
0.19309275
0.19321642
0.19313929
0.19337631
0.19308970
0.19309363
0.19326136
0.19305868
0.19321113
0.19309217
0.19315542
0.19322819
0.19294977
0.19330341
0.19316107
0.19304661
0.19322826
0.19378226
0.19318112
0.19314769
0.19328752
0.19345278
0.19354755
0.19301237
0.19318902
0.19344252
0.19312046
0.19322488
0.19321242
0.19306174
0.19296030
0.19333770
0.19312440
0.19308103
0.19287580
0.19311354
0.19306854
0.19303320
0.19323510
0.19315494
0.19303820
0.19319804
0.19316680
0.19319305
0.19325179
0.19324882
0.19337972
0.19338693
0.19324742
0.19318540
0.19316047
0.19303870
0.19312651
0.19309863
0.19317318
0.19333259
0.19306482
0.19316829
0.19318495
0.19317706
0.19352769
0.19309004
0.19329370
0.19315912
0.19292903
0.19303285
0.19338089
0.19339810
0.19320694
0.19323716
0.19329406
0.19312741
0.19317833
0.19312604
0.19319053
0.19323573
0.19287052
0.19317076
0.19292728
0.19291450
0.19324048
0.19343872
0.19301768
0.19319575
0.19319765
0.19306669
0.19302780
0.19289264
0.19328242
0.19315195
0.19297961
0.19299907
0.19298437
0.19324838
0.19344001
0.19330098
0.19337073
0.19309754
0.19314998
0.19311903
0.19304614
0.19323145
0.19319799
0.19302970
0.19326628
0.19327029
0.19304295
0.19366780
0.19304785
0.19308670
0.19282061
0.19388469
0.19303324
0.19324985
0.19294525
0.19314738
0.19332039
0.19314825
0.19313908
0.19358561
0.19313556
0.19320514
0.19306532
0.19311772
0.19306470
0.19336695
0.19314159
0.19338532
0.19317789
0.19316175
0.19324421
0.19328299
0.19316201
0.19316040
0.19322297
0.19322421
0.19312799
0.19323906
0.19312156
0.19310239
0.19348910
0.19306264
0.19323096
0.19306291
0.19302743
0.19330154
0.19311407
0.19311625
0.19313469
0.19313800
0.19303394
0.19318450
0.19332394
0.19285418
0.19318246
0.19308313
0.19337434
0.19312502
0.19304879
0.19302497
0.19312130
0.19324640
0.19325005
0.19348418
0.19332064
0.19303416
0.19311167
0.19350591
0.19296472
0.19291340
0.19310160
0.19328594
0.19316441
0.19288745
0.19306856
0.19317939
0.19317703
0.19315945
0.19320537
0.19311767
0.19323185
0.19335748
0.19317954
0.19298976
0.19319067
0.19312852
0.19335749
0.19302764
0.19339288
0.19319060
0.19321492
0.19315873
0.19335033
0.19318976
0.19311091
0.19308595
0.19323975
0.19306077
0.19310144
0.19320752
0.19315806
0.19299773
0.19314120
0.19316323
0.19315309
0.19329761
0.19326849
0.19313609
0.19320155
0.19317098
0.19336607
0.19335193
0.19305811
0.19302096
0.19321613
0.19309886
0.19308387
0.19315122
0.19318918
0.19347574
0.19294516
0.19339904
0.19315187
0.19311930
0.19309135
0.19361648
0.19321769
0.19309829
0.19320181
0.19288298
0.19351688
0.19313110
0.19398407
0.19330795
0.19321154
0.19393622
0.19307021
0.19313356
0.19320575
0.19308043
0.19328566
0.19312292
0.19317585
0.19285300
0.19333166
0.19310464
0.19329748
0.19303400
0.19283776
0.19309772
0.19321597
0.19322448
0.19349081
0.19311172
0.19308538
0.19329022
0.19322660
0.19299226
0.19308753
0.19330525
0.19324601
0.19369396
0.19306417
0.19322675
0.19310730
0.19324020
0.19297204
0.19287105
0.19330033
0.19314276
0.19321586
0.19349543
0.19320526
0.19335752
0.19304172
0.19315461
0.19341423
0.19306679
0.19329381
0.19331472
0.19319819
0.19314749
0.19316715
0.19313784
0.19319918
0.19308495
0.19309720
0.19315309
0.19333861
0.19309362
0.19313265
0.19292783
0.19305079
0.19316849
0.19319487
0.19311811
0.19334480
0.19285504
0.19314456
0.19323523
0.19328933
0.19326430
0.19318891
0.19321004
0.19308191
0.19314772
0.19316842
0.19352011
0.19284649
0.19322087
0.19339442
0.19332644
0.19314485
0.19309260
0.19392803
0.19320317
0.19337198
0.19319034
0.19313996
0.19297767
0.19297275
0.19295241
0.19345916
0.19355367
0.19335566
0.19330299
0.19329107
0.19310999
0.19298256
0.19348173
0.19304086
0.19316705
0.19316021
0.19317140
0.19299496
0.19328614
0.19338416
0.19321450
0.19314959
0.19321198
0.19325791
0.19325684
0.19323522
0.19317485
0.19298863
0.19311495
0.19306056
0.19339459
0.19343754
0.19294623
0.19319818
0.19311242
0.19332067
0.19321781
0.19308891
0.19310762
0.19334014
0.19313042
0.19309105
0.19329226
0.19319067
0.19304691
0.19323050
0.19334662
0.19335228
0.19385129
0.19336482
0.19335527
0.19317305
0.19316485
0.19287007
0.19306324
0.19310240
0.19301534
0.19360350
0.19322867
0.19322823
0.19342478
0.19298771
0.19309259
0.19314547
0.19319666
0.19341897
0.19335890
0.19335381
0.19313502
0.19298757
0.19329754
0.19322320
0.19311319
0.19324937
0.19326637
0.19310504
0.19321618
0.19319742
0.19307432
0.19319953
0.19335824
0.19310435
0.19313651
0.19307275
0.19329178
0.19343546
0.19329484
0.19304689
0.19344679
0.19348559
0.19309674
0.19345394
0.19318090
0.19307280
0.19311816
0.19317474
0.19322467
0.19341579
0.19307792
0.19314491
0.19311008
0.19326355
0.19292229
0.19312214
0.19314523
0.19308826
0.19316909
0.19320371
0.19316527
0.19311556
0.19299009
0.19307604
0.19305160
0.19326340
0.19301595
0.19312196
0.19315031
0.19306644
0.19335498
0.19328855
0.19332320
0.19329149
0.19356134
0.19306862
0.19319514
0.19315564
0.19292081
0.19300569
0.19304370
0.19341276
0.19310760
0.19304993
0.19345361
0.19317911
0.19308926
0.19327292
0.19306129
0.19321274
0.19333690
0.19307305
0.19349155
0.19323213
0.19337121
0.19300073
0.19299455
0.19315768
0.19318664
0.19324167
0.19334409
0.19306160
0.19290588
0.19326987
0.19289961
0.19308892
0.19296788
0.19320226
0.19334015
0.19308111
0.19304165
0.19322320
0.19300987
0.19322025
0.19320394
0.19333067
0.19315436
0.19296686
0.19312182
0.19334374
0.19292120
0.19310803
0.19320530
0.19285671
0.19295550
0.19343112
0.19326739
0.19318778
0.19293309
0.19322728
0.19355660
0.19317017
0.19311645
0.19307523
0.19328125
0.19320940
0.19301185
0.19308840
0.19300493
0.19308103
0.19306638
0.19303047
0.19318101
0.19354115
0.19328411
0.19343664
0.19305579
0.19316998
0.19333473
0.19310847
0.19328051
0.19318810
0.19307857
0.19312841
0.19304065
0.19328289
0.19330394
0.19318002
0.19330358
0.19353086
0.19324889
0.19326763
0.19335108
0.19313629
0.19324720
0.19307667
0.19326140
0.19311805
0.19326474
0.19298705
0.19301857
0.19314175
0.19312525
0.19315433
0.19324400
0.19307412
0.19316218
0.19309008
0.19309147
0.19307140
0.19315277
0.19300398
0.19315654
0.19318088
0.19315311
0.19319978
0.19383919
0.19311017
0.19324554
0.19338852
0.19376531
0.19343031
0.19309084
0.19290518
0.19329799
0.19312258
0.19321561
0.19306647
0.19289248
0.19320735
0.19320985
0.19309033
0.19324454
0.19308250
0.19313112
0.19335431
0.19311924
0.19314278
0.19372210
0.19312153
0.19308485
0.19308786
0.19336990
0.19317565
0.19323455
0.19304467
0.19304209
0.19366040
0.19295901
0.19334379
0.19313681
0.19313330
0.19287565
0.19313344
0.19316333
0.19312173
0.19328198
0.19318709
0.19316119
0.19319574
0.19297336
0.19307325
0.19309869
0.19320122
0.19312929
0.19336821
0.19340578
0.19299559
0.19312896
0.19333218
0.19313543
0.19329737
0.19330704
0.19314302
0.19300922
0.19300481
0.19300111
0.19354309
0.19340789
0.19317947
0.19324721
0.19322688
0.19321083
0.19334643
0.19321267
0.19312280
0.19302788
0.19309259
0.19304808
0.19312990
0.19311968
0.19317346
0.19308882
0.19318127
0.19307027
0.19334894
0.19297406
0.19314025
0.19310156
0.19306027
0.19324643
0.19314010
0.19285799
0.19317595
0.19379138
0.19309747
0.19314602
0.19324307
0.19317797
0.19328734
0.19300595
0.19316522
0.19308518
0.19285811
0.19311474
0.19311185
0.19303130
0.19298441
0.19311959
0.19327157
0.19338195
0.19341766
0.19342825
0.19382699
0.19309357
0.19318118
0.19314842
0.19323599
0.19307261
0.19340938
0.19326417
0.19334075
0.19325874
0.19340571
0.19329225
0.19367004
0.19310448
0.19323986
0.19317878
0.19313526
0.19282757
0.19337963
0.19349176
0.19303931
0.19329080
0.19340063
0.19333639
0.19310376
0.19284986
0.19343060
0.19331643
0.19312899
0.19315299
0.19336336
0.19316515
0.19342942
0.19328029
0.19306726
0.19305157
0.19304339
0.19290048
0.19329287
0.19313062
0.19327594
0.19325777
0.19286735
0.19371522
0.19305936
0.19318398
0.19296958
0.19315788
0.19330761
0.19307534
0.19304514
0.19358916
0.19304344
0.19321489
0.19291951
0.19311465
0.19305303
0.19315747
0.19308087
0.19315451
0.19286077
0.19308165
0.19309349
0.19326973
0.19294420
0.19331458
0.19295022
0.19291002
0.19322080
0.19320775
0.19317431
0.19351949
0.19296130
0.19373238
0.19322728
0.19307862
0.19321285
0.19301780
0.19314254
0.19313366
0.19310685
0.19324933
0.19302308
0.19315005
0.19391955
0.19308932
0.19315737
0.19311931
0.19334639
0.19318113
0.19318703
0.19335843
0.19329334
0.19363283
0.19302395
0.19334945
0.19316196
0.19338862
0.19319684
0.19297715
0.19313023
0.19327250
0.19294200
0.19329257
0.19318217
0.19286810
0.19317931
0.19312620
0.19318027
0.19340898
0.19325086
0.19321217
0.19324869
0.19306358
0.19333550
0.19321915
0.19325825
0.19303785
0.19333743
0.19301078
0.19313621
0.19343284
0.19299466
0.19300777
0.19318039
0.19318882
0.19318643
0.19327496
0.19306627
0.19311769
0.19306768
0.19321826
0.19332816
0.19365667
0.19304695
0.19323246
0.19310944
0.19299218
0.19323596
0.19315853
0.19324818
0.19303037
0.19327768
0.19325267
0.19338366
0.19322649
0.19302605
0.19310099
0.19313232
0.19329379
0.19305690
0.19305377
0.19283052
0.19315070
0.19321799
0.19397603
0.19297426
0.19331720
0.19376522
0.19342706
0.19295515
0.19321397
0.19358464
0.19288782
0.19315869
0.19312472
0.19326934
0.19319910
0.19322852
0.19312734
0.19310773
0.19312310
0.19313830
0.19326109
0.19329057
0.19301637
0.19309877
0.19311939
0.19309916
0.19313858
0.19317222
0.19323124
0.19284530
0.19337604
0.19322478
0.19319861
0.19350795
0.19345699
0.19307585
0.19316963
0.19317908
0.19322316
0.19312844
0.19320058
0.19305088
0.19289016
0.19324154
0.19326801
0.19324996
0.19331075
0.19304421
0.19303596
0.19301780
0.19326727
0.19310962
0.19322012
0.19324269
0.19335911
0.19353374
0.19324110
0.19335564
0.19325097
0.19328947
0.19320075
0.19317026
0.19338525
0.19319660
0.19337572
0.19315359
0.19308519
0.19318027
0.19372858
0.19313421
0.19289810
0.19335007
0.19329153
0.19313538
0.19344723
0.19311755
0.19352420
0.19354667
0.19314001
0.19307233
0.19305036
0.19337630
0.19309987
0.19324762
0.19345752
0.19296561
0.19318784
0.19315474
0.19303122
0.19345723
0.19339412
0.19327968
0.19303830
0.19320153
0.19334391
0.19326234
0.19290387
0.19343032
0.19311113
0.19329816
0.19338237
0.19328231
0.19308771
0.19333200
0.19311458
0.19312082
0.19310552
0.19330466
0.19337972
0.19307221
0.19331991
0.19328620
0.19311585
0.19295818
0.19325436
0.19339399
0.19317118
0.19285471
0.19291497
0.19319690
0.19313805
0.19334163
0.19335058
0.19307998
0.19343214
0.19328022
0.19334932
0.19328264
0.19303141
0.19319204
0.19322454
0.19323392
0.19312629
0.19292731
0.19357765
0.19314681
0.19320456
0.19307374
0.19303548
0.19306910
0.19301186
0.19350615
0.19306912
0.19311827
0.19320975
0.19316194
0.19309458
0.19311356
0.19362413
0.19314890
0.19343786
0.19309071
0.19315701
0.19311839
0.19310580
0.19378146
0.19320606
0.19308888
0.19313884
0.19311134
0.19320910
0.19314482
0.19307315
0.19321355
0.19311473
0.19295096
0.19315552
0.19336540
0.19335359
0.19333898
0.19331348
0.19372300
0.19314817
0.19330632
0.19311157
0.19335136
0.19304069
0.19384973
0.19327658
0.19311451
0.19334297
0.19294336
0.19349158
0.19313915
0.19324418
0.19318080
0.19329586
0.19317240
0.19297359
0.19311196
0.19304214
0.19325435
0.19319917
0.19323038
0.19302199
0.19318586
0.19321066
0.19332894
0.19324572
0.19313221
0.19314191
0.19307273
0.19326283
0.19323932
0.19310181
0.19309733
0.19336437
0.19342918
0.19324977
0.19304897
0.19331586
0.19318501
0.19325405
0.19308755
0.19342727
0.19309237
0.19315698
0.19350229
0.19307975
0.19338610
0.19319262
0.19310194
0.19323878
0.19326841
0.19319594
0.19314559
0.19316060
0.19326182
0.19313569
0.19297845
0.19309929
0.19324257
0.19301523
0.19316967
0.19317163
0.19322288
0.19317894
0.19316391
0.19307762
0.19334636
0.19322421
0.19294476
0.19323487
0.19301351
0.19331277
0.19296362
0.19309122
0.19337832
0.19298067
0.19318427
0.19319674
0.19312738
0.19341955
0.19297104
0.19307672
0.19328069
0.19315799
0.19303478
0.19322324
0.19321847
0.19332933
0.19320175
0.19327670
0.19326423
0.19313799
0.19288953
0.19316590
0.19296721
0.19320993
0.19323738
0.19332722
0.19330655
0.19353803
0.19308975
0.19326365
0.19320617
0.19313120
0.19354170
0.19311968
0.19302119
0.19312393
0.19310792
0.19293867
0.19309490
0.19306879
0.19296994
0.19308160
0.19329275
0.19306599
0.19321970
0.19304268
0.19333634
0.19314554
0.19334828
0.19305196
0.19308852
0.19320347
0.19322574
0.19337928
0.19294411
0.19293387
0.19310172
0.19308846
0.19318541
0.19291826
0.19330984
0.19309044
0.19308676
0.19305295
0.19310542
0.19295397
0.19317612
0.19318076
0.19309350
0.19316881
0.19350373
0.19299761
0.19330149
0.19315510
0.19348071
0.19317650
0.19351661
0.19316903
0.19332609
0.19329192
0.19316118
0.19306372
0.19314099
0.19337635
0.19306802
0.19321207
0.19324043
0.19304974
0.19340209
0.19324641
0.19310857
0.19309820
0.19335172
0.19307621
0.19312104
0.19315016
0.19323909
0.19311582
0.19312105
0.19308738
0.19368822
0.19322437
0.19309664
0.19344503
0.19294320
0.19313524
0.19324584
0.19316064
0.19307655
0.19307013
0.19332936
0.19300437
0.19312801
0.19329779
0.19315327
0.19311023
0.19322652
0.19339678
0.19318770
0.19306412
0.19297498
0.19307778
0.19297907
0.19303808
0.19308786
0.19308797
0.19314022
0.19308845
0.19324435
0.19302066
0.19331715
0.19334980
0.19307576
0.19308428
0.19317425
0.19307521
0.19328281
0.19295204
0.19304470
0.19306906
0.19306561
0.19306822
0.19315960
0.19323016
0.19311796
0.19323712
0.19293551
0.19312919
0.19309079
0.19313996
0.19321024
0.19339186
0.19307778
0.19361417
0.19318120
0.19318339
0.19326617
0.19332948
0.19291448
0.19287024
0.19308542
0.19310459
0.19331268
0.19320199
0.19311426
0.19330934
0.19304184
0.19313381
0.19321179
0.19320232
0.19327924
0.19312003
0.19302482
0.19295898
0.19341270
0.19307934
0.19323061
0.19303867
0.19364045
0.19340652
0.19324509
0.19310592
0.19313495
0.19296413
0.19290291
0.19321964
0.19331189
0.19324799
0.19311215
0.19343261
0.19311045
0.19307728
0.19307544
0.19325770
0.19318806
0.19306790
0.19314308
0.19327913
0.19314981
0.19313106
0.19349717
0.19313100
0.19327169
0.19399406
0.19323798
0.19314457
0.19290532
0.19332084
0.19316744
0.19309525
0.19313900
0.19309072
0.19308744
0.19306334
0.19319967
0.19310683
0.19334613
0.19325877
0.19337999
0.19381976
0.19306235
0.19323061
0.19306475
0.19333205
0.19336195
0.19317130
0.19333891
0.19303778
0.19319374
0.19284108
0.19317195
0.19346379
0.19307123
0.19303854
0.19312760
0.19310990
0.19347823
0.19336285
0.19314367
0.19332997
0.19336618
0.19321826
0.19284016
0.19321498
0.19345349
0.19316005
0.19320300
0.19295730
0.19305835
0.19325796
0.19329192
0.19335498
0.19318193
0.19337206
0.19311192
0.19334013
0.19317758
0.19382049
0.19333300
0.19353121
0.19344579
0.19292671
0.19313968
0.19318528
0.19303544
0.19319162
0.19311994
0.19312328
0.19316566
0.19311092
0.19323330
0.19312670
0.19318966
0.19319010
0.19312190
0.19333226
0.19303409
0.19313227
0.19333434
0.19322241
0.19320345
0.19303943
0.19316175
0.19323861
0.19320906
0.19326507
0.19310105
0.19301539
0.19329317
0.19332978
0.19311509
0.19321163
0.19291973
0.19311381
0.19318745
0.19324675
0.19286511
0.19336889
0.19316721
0.19294906
0.19324142
0.19310790
0.19333703
0.19330700
0.19319230
0.19324330
0.19319321
0.19318744
0.19321477
0.19319403
0.19304520
0.19346308
0.19291788
0.19324594
0.19321926
0.19312368
0.19311123
0.19317305
0.19313145
0.19324575
0.19310518
0.19341781
0.19314423
0.19323424
0.19332512
0.19323723
0.19320117
0.19311568
0.19303276
0.19309287
0.19337771
0.19299561
0.19294030
0.19336591
0.19300401
0.19354166
0.19308437
0.19294482
0.19303026
0.19296942
0.19325416
0.19304546
0.19314126
0.19307067
0.19297995
0.19326261
0.19306816
0.19331925
0.19321763
0.19326707
0.19321300
0.19314931
0.19297250
0.19322500
0.19289168
0.19331393
0.19301557
0.19330332
0.19328282
0.19317311
0.19337933
0.19315409
0.19321047
0.19331330
0.19337126
0.19312602
0.19326748
0.19299454
0.19305382
0.19323628
0.19327562
0.19331709
0.19307634
0.19290374
0.19314097
0.19320691
0.19311542
0.19313090
0.19322531
0.19334673
0.19327903
0.19311272
0.19330157
0.19338234
0.19315302
0.19307721
0.19321766
0.19319450
0.19324983
0.19306989
0.19329204
0.19333367
0.19323660
0.19313125
0.19323088
0.19302177
0.19318487
0.19303559
0.19335813
0.19317379
0.19344812
0.19340577
0.19313224
0.19340918
0.19305793
0.19314956
0.19336860
0.19304600
0.19295729
0.19341340
0.19337870
0.19303831
0.19312118
0.19310922
0.19321467
0.19319168
0.19311138
0.19321323
0.19320883
0.19312394
0.19304181
0.19319160
0.19311552
0.19299162
0.19320222
0.19291797
0.19292222
0.19307566
0.19324246
0.19299090
0.19316184
0.19288821
0.19318254
0.19324608
0.19315486
0.19310604
0.19326065
0.19322887
0.19325867
0.19305714
0.19332271
0.19305789
0.19325045
0.19320483
0.19310056
0.19336632
0.19315900
0.19304102
0.19308309
0.19289190
0.19314398
0.19307448
0.19331462
0.19311340
0.19334705
0.19315788
0.19326727
0.19327273
0.19306602
0.19323245
0.19323742
0.19325035
0.19328487
0.19336161
0.19314899
0.19312674
0.19307665
0.19307350
0.19305409
0.19334503
0.19313637
0.19320075
0.19290876
0.19309928
0.19326945
0.19286010
0.19313150
0.19317469
0.19290430
0.19327768
0.19311780
0.19320766
0.19330911
0.19312287
0.19355091
0.19307980
0.19310240
0.19332730
0.19326006
0.19314922
0.19345370
0.19306863
0.19320148
0.19314650
0.19332641
0.19305293
0.19310255
0.19338474
0.19328764
0.19331090
0.19323676
0.19318063
0.19294179
0.19318433
0.19330484
0.19326151
0.19300813
0.19315020
0.19297279
0.19341520
0.19324541
0.19314856
0.19327701
0.19356813
0.19315285
0.19309741
0.19325959
0.19322855
0.19325710
0.19314614
0.19319857
0.19304599
0.19311558
0.19306499
0.19336126
0.19323273
0.19313007
0.19309862
0.19324840
0.19307352
0.19310420
0.19322986
0.19328330
0.19309833
0.19331809
0.19334906
0.19318545
0.19334115
0.19325551
0.19316983
0.19359930
0.19311284
0.19303849
0.19320921
0.19307927
0.19326998
0.19293861
0.19312587
0.19311564
0.19313129
0.19339058
0.19325110
0.19323579
0.19388257
0.19330879
0.19325193
0.19321446
0.19303876
0.19333207
0.19293360
0.19290800
0.19316431
0.19306674
0.19330321
0.19316613
0.19332977
0.19325719
0.19319853
0.19332603
0.19320936
0.19322212
0.19309590
0.19306430
0.19293090
0.19320794
0.19320646
0.19323626
0.19315732
0.19320637
0.19284570
0.19340291
0.19318030
0.19312648
0.19312986
0.19332012
0.19323665
0.19327342
0.19308159
0.19341645
0.19337006
0.19310761
0.19317449
0.19306055
0.19304452
0.19313066
0.19318753
0.19309076
0.19301447
0.19327606
0.19319103
0.19310639
0.19355457
0.19314738
0.19320644
0.19340748
0.19348668
0.19293201
0.19344572
0.19306482
0.19327544
0.19382268
0.19333862
0.19328493
0.19314320
0.19316210
0.19315535
0.19319045
0.19305928
0.19329699
0.19315864
0.19338182
0.19308529
0.19300314
0.19318919
0.19306799
0.19317868
0.19301395
0.19305663
0.19321809
0.19307062
0.19317924
0.19323637
0.19296270
0.19304538
0.19316454
0.19327447
0.19288306
0.19312587
0.19332000
0.19316248
0.19312822
0.19313310
0.19303397
0.19296466
0.19327302
0.19316593
0.19365141
0.19336873
0.19306667
0.19317412
0.19320132
0.19306034
0.19333883
0.19326773
0.19304280
0.19288438
0.19307020
0.19308750
0.19320302
0.19303273
0.19310819
0.19314392
0.19325356
0.19337565
0.19355484
0.19300549
0.19315084
0.19310138
0.19321971
0.19340462
0.19320554
0.19335817
0.19319509
0.19333537
0.19288738
0.19312607
0.19291229
0.19319477
0.19298868
0.19296148
0.19330655
0.19323457
0.19330163
0.19329024
0.19316874
0.19302754
0.19343437
0.19316188
0.19342794
0.19307193
0.19336690
0.19326148
0.19315510
0.19298617
0.19313798
0.19288121
0.19306075
0.19307659
0.19311488
0.19314823
0.19290034
0.19348849
0.19348455
0.19327854
0.19327278
0.19337758
0.19287126
0.19306809
0.19359773
0.19317651
0.19318248
0.19340058
0.19309539
0.19355556
0.19314571
0.19323599
0.19319572
0.19321678
0.19309513
0.19331664
0.19307220
0.19312382
0.19328802
0.19331912
0.19339403
0.19319974
0.19306467
0.19313834
0.19323133
0.19323130
0.19328540
0.19316950
0.19289384
0.19292210
0.19311868
0.19300794
0.19308986
0.19347230
0.19332753
0.19312929
0.19332500
0.19327629
0.19310056
0.19316800
0.19318287
0.19291342
0.19310664
0.19307714
0.19344372
0.19326698
0.19352198
0.19321256
0.19315039
0.19319951
0.19295280
0.19310254
0.19305687
0.19314823
0.19336772
0.19312049
0.19293238
0.19314846
0.19320909
0.19307788
0.19317633
0.19321152
0.19291576
0.19296934
0.19307817
0.19322822
0.19305439
0.19328671
0.19312699
0.19327555
0.19312730
0.19320102
0.19302933
0.19319812
0.19314930
0.19362755
0.19337029
0.19323439
0.19336098
0.19295857
0.19316478
0.19339315
0.19320096
0.19337005
0.19313806
0.19339209
0.19361405
0.19330919
0.19291199
0.19304993
0.19333303
0.19314760
0.19346663
0.19337568
0.19315608
0.19335319
0.19321679
0.19317595
0.19313534
0.19328854
0.19338207
0.19342107
0.19318641
0.19311899
0.19321190
0.19284257
0.19303677
0.19288747
0.19308062
0.19322071
0.19322923
0.19321676
0.19288014
0.19327949
0.19315595
0.19318353
0.19322313
0.19310090
0.19331039
0.19353571
0.19315038
0.19308173
0.19314354
0.19325868
0.19303808
0.19324065
0.19330633
0.19326346
0.19310767
0.19358593
0.19307690
0.19316414
0.19312950
0.19337089
0.19348610
0.19352297
0.19305455
0.19351638
0.19304237
0.19306356
0.19322280
0.19321017
0.19325518
0.19336084
0.19309576
0.19341118
0.19304081
0.19305129
0.19304525
0.19287067
0.19319823
0.19309420
0.19303704
0.19287598
0.19320291
0.19311121
0.19309494
0.19311471
0.19308302
0.19332272
0.19313336
0.19310949
0.19322705
0.19336268
0.19338498
0.19304587
0.19331140
0.19291084
0.19306624
0.19345125
0.19310840
0.19325823
0.19336606
0.19337780
0.19343231
0.19322862
0.19306475
0.19337985
0.19317230
0.19288485
0.19322945
0.19319110
0.19320437
0.19320924
0.19321115
0.19289167
0.19346105
0.19322427
0.19310409
0.19316695
0.19334698
0.19331241
0.19347034
0.19322065
0.19313170
0.19331440
0.19306624
0.19319335
0.19306177
0.19304866
0.19314417
0.19317138
0.19308943
0.19312807
0.19317330
0.19312179
0.19369661
0.19327490
0.19323320
0.19306297
0.19310621
0.19333617
0.19309370
0.19317264
0.19309747
0.19328709
0.19325767
0.19324220
0.19323567
0.19313695
0.19311322
0.19325263
0.19327734
0.19305440
0.19306583
0.19320844
0.19339930
0.19309971
0.19316052
0.19311047
0.19321686
0.19331694
0.19312170
0.19331339
0.19305271
0.19325241
0.19315422
0.19312781
0.19321015
0.19349265
0.19318190
0.19353987
0.19330406
0.19311271
0.19326645
0.19338195
0.19312284
0.19316018
0.19303361
0.19304155
0.19314484
0.19319024
0.19329881
0.19337861
0.19312575
0.19335260
0.19311267
0.19315749
0.19335623
0.19308516
0.19315807
0.19314961
0.19312696
0.19314857
0.19314521
0.19306400
0.19307132
0.19332598
0.19293005
0.19319269
0.19309401
0.19354329
0.19318217
0.19293110
0.19321163
0.19313287
0.19314720
0.19334888
0.19306871
0.19337984
0.19294967
0.19290515
0.19322512
0.19312408
0.19310110
0.19316282
0.19320609
0.19329885
0.19310188
0.19320594
0.19307564
0.19337157
0.19326838
0.19314640
0.19338250
0.19296932
0.19329644
0.19340766
0.19318108
0.19306462
0.19338157
0.19309499
0.19344143
0.19315216
0.19312845
0.19318496
0.19321730
0.19312603
0.19321173
0.19309048
0.19315444
0.19315135
0.19302524
0.19321713
0.19319672
0.19335626
0.19320997
0.19310118
0.19317111
0.19311422
0.19329951
0.19325931
0.19342591
0.19313206
0.19334059
0.19317050
0.19327926
0.19319124
0.19324911
0.19328992
0.19294600
0.19307275
0.19306628
0.19314369
0.19303326
0.19315603
0.19282770
0.19332193
0.19328797
0.19313715
0.19344988
0.19309905
0.19326091
0.19312009
0.19315601
0.19316475
0.19314054
0.19316373
0.19305961
0.19319812
0.19309775
0.19348028
0.19323551
0.19314149
0.19329195
0.19316617
0.19317170
0.19322421
0.19322205
0.19327648
0.19320139
0.19311208
0.19328968
0.19307224
0.19308399
0.19306113
0.19334736
0.19323522
0.19320216
0.19309149
0.19295731
0.19315785
0.19309723
0.19308980
0.19285331
0.19312341
0.19316470
0.19327482
0.19305583
0.19320297
0.19320835
0.19294665
0.19304511
0.19348259
0.19331953
0.19321408
0.19329459
0.19318127
0.19314332
0.19317785
0.19340213
0.19303306
0.19327903
0.19311051
0.19318815
0.19331546
0.19301856
0.19320616
0.19306786
0.19308245
0.19323144
0.19329939
0.19311185
0.19311568
0.19291968
0.19319341
0.19286874
0.19319359
0.19321824
0.19312359
0.19298399
0.19302855
0.19317726
0.19317895
0.19305370
0.19331114
0.19325128
0.19323016
0.19322858
0.19301151
0.19310588
0.19321465
0.19340952
0.19324029
0.19316690
0.19308489
0.19338893
0.19309662
0.19329707
0.19324504
0.19313299
0.19351311
0.19311908
0.19318908
0.19308187
0.19330610
0.19342675
0.19314638
0.19337585
0.19331945
0.19317750
0.19304371
0.19286028
0.19307895
0.19321160
0.19310106
0.19308505
0.19300087
0.19318845
0.19312487
0.19297693
0.19341249
0.19330557
0.19318708
0.19317085
0.19291375
0.19315741
0.19329342
0.19309516
0.19371150
0.19290215
0.19317460
0.19329666
0.19295058
0.19329504
0.19306919
0.19322054
0.19303080
0.19316522
0.19320737
0.19302475
0.19322927
0.19313367
0.19320038
0.19337729
0.19325785
0.19304244
0.19316553
0.19324798
0.19314490
0.19290182
0.19304406
0.19322791
0.19316328
0.19305330
0.19304784
0.19303232
0.19307466
0.19323011
0.19354161
0.19293875
0.19300564
0.19314603
0.19321122
0.19320323
0.19331717
0.19322494
0.19344122
0.19324819
0.19337099
0.19308498
0.19316461
0.19313652
0.19312677
0.19336673
0.19342530
0.19327731
0.19298639
0.19313946
0.19329187
0.19304764
0.19321019
0.19309884
0.19297514
0.19322928
0.19341360
0.19328429
0.19317330
0.19316122
0.19335930
0.19316961
0.19302435
0.19292301
0.19319120
0.19312679
0.19313111
0.19320794
0.19320617
0.19335934
0.19292483
0.19333188
0.19323094
0.19311317
0.19314019
0.19319867
0.19365175
0.19324057
0.19310558
0.19320042
0.19310236
0.19306671
0.19371697
0.19302310
0.19317404
0.19332933
0.19305974
0.19310875
0.19289014
0.19315261
0.19316369
0.19328763
0.19326606
0.19321101
0.19319047
0.19322291
0.19347081
0.19304190
0.19315845
0.19299948
0.19316256
0.19315721
0.19325855
0.19322593
0.19291558
0.19321548
0.19299601
0.19298121
0.19336224
0.19310242
0.19310630
0.19332329
0.19328965
0.19317933
0.19320920
0.19319112
0.19309117
0.19329253
0.19311421
0.19320102
0.19343153
0.19306053
0.19326549
0.19322701
0.19314869
0.19292956
0.19324088
0.19316202
0.19310087
0.19305630
0.19308190
0.19298082
0.19314099
0.19314590
0.19331232
0.19320172
0.19306111
0.19322328
0.19318912
0.19297717
0.19312978
0.19376272
0.19329420
0.19329682
0.19315771
0.19328328
0.19330785
0.19311547
0.19291574
0.19309294
0.19316478
0.19319646
0.19290440
0.19334011
0.19318284
0.19366764
0.19312271
0.19334751
0.19307058
0.19311751
0.19310319
0.19305286
0.19328289
0.19309579
0.19326382
0.19324310
0.19312486
0.19319782
0.19291923
0.19314557
0.19316100
0.19330723
0.19307519
0.19324701
0.19308247
0.19306292
0.19317030
0.19316247
0.19310297
0.19288640
0.19304751
0.19305914
0.19343155
0.19320111
0.19310844
0.19316709
0.19308316
0.19305468
0.19317230
0.19318787
0.19338675
0.19334800
0.19326753
0.19339065
0.19340290
0.19322262
0.19311971
0.19311178
0.19310252
0.19314146
0.19288735
0.19318133
0.19316133
0.19304632
0.19310886
0.19312038
0.19314458
0.19297836
0.19304356
0.19311244
0.19309468
0.19329768
0.19315693
0.19311650
0.19308279
0.19332347
0.19304780
0.19329670
0.19313803
0.19304483
0.19290421
0.19310861
0.19306588
0.19315206
0.19309349
0.19339430
0.19329672
0.19305283
0.19310031
0.19326504
0.19314058
0.19300317
0.19304570
0.19303615
0.19297352
0.19299587
0.19294500
0.19302298
0.19325875
0.19332598
0.19311350
0.19317092
0.19308231
0.19308285
0.19286549
0.19318424
0.19307680
0.19320761
0.19307842
0.19311927
0.19322566
0.19346239
0.19307739
0.19347410
0.19329648
0.19282993
0.19297819
0.19296668
0.19331664
0.19305156
0.19321711
0.19303748
0.19318821
0.19295978
0.19310887
0.19327080
0.19307181
0.19351598
0.19337953
0.19315998
0.19322755
0.19310308
0.19325765
0.19337081
0.19301927
0.19299299
0.19294345
0.19328971
0.19309380
0.19293617
0.19333757
0.19310752
0.19313403
0.19304116
0.19369025
0.19321668
0.19338483
0.19337358
0.19327040
0.19317176
0.19325435
0.19305594
0.19331040
0.19316652
0.19317684
0.19351627
0.19308146
0.19290825
0.19306177
0.19327448
0.19332972
0.19304125
0.19291236
0.19306260
0.19331921
0.19288754
0.19341553
0.19322273
0.19312098
0.19305395
0.19333715
0.19314284
0.19349746
0.19290948
0.19314694
0.19356292
0.19305224
0.19316380
0.19321925
0.19296575
0.19347153
0.19305517
0.19314562
0.19321410
0.19319356
0.19304750
0.19320928
0.19305256
0.19300541
0.19323367
0.19299999
0.19318153
0.19308157
0.19313521
0.19311092
0.19304645
0.19372935
0.19320678
0.19323536
0.19311404
0.19301981
0.19290080
0.19342211
0.19309059
0.19311303
0.19311734
0.19337683
0.19323115
0.19315299
0.19310750
0.19285437
0.19315051
0.19305683
0.19314401
0.19314902
0.19306527
0.19332354
0.19307325
0.19323080
0.19318407
0.19313335
0.19309422
0.19300163
0.19312098
0.19315354
0.19325861
0.19317326
0.19305060
0.19395063
0.19396285
0.19307488
0.19317795
0.19314845
0.19310527
0.19325294
0.19341855
0.19311936
0.19312866
0.19324294
0.19328639
0.19283114
0.19302775
0.19320677
0.19351159
0.19308287
0.19313742
0.19313827
0.19316401
0.19335276
0.19313106
0.19286493
0.19316170
0.19294919
0.19322317
0.19300638
0.19317781
0.19306191
0.19321676
0.19308771
0.19325191
0.19312715
0.19317724
0.19309431
0.19301528
0.19319755
0.19314519
0.19306340
0.19305147
0.19327471
0.19307425
0.19318999
0.19317718
0.19298907
0.19315764
0.19328760
0.19313075
0.19346796
0.19319147
0.19320512
0.19336314
0.19313733
0.19297558
0.19325070
0.19299574
0.19313477
0.19323247
0.19326454
0.19336071
0.19371491
0.19323260
0.19334532
0.19310556
0.19311127
0.19324308
0.19320706
0.19308751
0.19333679
0.19305456
0.19363168
0.19330257
0.19311293
0.19330446
0.19304666
0.19336751
0.19307954
0.19376317
0.19311269
0.19314760
0.19314608
0.19329350
0.19302311
0.19309713
0.19313210
0.19331644
0.19302702
0.19310465
0.19336952
0.19341066
0.19321939
0.19314585
0.19307412
0.19307837
0.19332214
0.19301753
0.19316497
0.19303408
0.19307815
0.19308011
0.19317599
0.19314659
0.19307880
0.19329840
0.19314113
0.19323348
0.19320078
0.19307679
0.19323696
0.19308683
0.19309270
0.19317049
0.19307757
0.19315440
0.19321008
0.19308992
0.19313283
0.19305681
0.19303620
0.19294111
0.19332631
0.19311030
0.19308366
0.19285300
0.19333588
0.19316875
0.19325589
0.19347830
0.19315361
0.19320460
0.19318700
0.19326238
0.19295969
0.19314765
0.19303001
0.19333528
0.19317448
0.19329798
0.19314757
0.19290242
0.19329171
0.19317562
0.19307588
0.19329103
0.19318412
0.19378756
0.19314184
0.19305163
0.19357194
0.19328751
0.19309900
0.19305089
0.19337293
0.19321368
0.19342073
0.19312718
0.19301075
0.19313964
0.19309078
0.19343554
0.19358327
0.19317256
0.19307676
0.19311451
0.19327458
0.19307829
0.19308858
0.19303617
0.19298644
0.19336285
0.19331612
0.19324377
0.19347406
0.19307310
0.19292199
0.19315579
0.19295232
0.19318121
0.19310383
0.19340682
0.19316631
0.19306976
0.19317565
0.19303125
0.19313046
0.19316273
0.19305511
0.19328412
0.19314874
0.19303058
0.19287329
0.19309755
0.19305393
0.19318324
0.19333057
0.19338035
0.19301460
0.19307823
0.19306671
0.19333106
0.19310994
0.19332280
0.19328210
0.19302300
0.19348297
0.19312867
0.19322252
0.19313246
0.19327471
0.19324270
0.19303932
0.19337881
0.19313817
0.19311402
0.19313972
0.19339587
0.19305718
0.19337522
0.19294089
0.19307012
0.19314560
0.19341085
0.19309103
0.19332201
0.19309800
0.19321494
0.19322716
0.19304958
0.19314244
0.19306169
0.19321459
0.19317891
0.19323746
0.19328324
0.19319139
0.19310603
0.19296133
0.19362713
0.19323102
0.19311035
0.19310876
0.19322102
0.19326624
0.19336284
0.19310721
0.19317178
0.19309443
0.19335197
0.19321074
0.19329718
0.19319864
0.19354996
0.19325249
0.19305743
0.19318827
0.19314201
0.19282599
0.19317885
0.19316560
0.19325247
0.19343903
0.19311618
0.19311442
0.19309163
0.19340231
0.19312290
0.19285050
0.19321060
0.19323366
0.19376497
0.19341268
0.19314530
0.19306272
0.19327137
0.19313030
0.19319007
0.19337869
0.19312779
0.19336392
0.19319615
0.19305760
0.19302237
0.19296211
0.19323314
0.19311988
0.19347407
0.19310575
0.19284862
0.19311594
0.19317200
0.19317380
0.19309439
0.19318263
0.19377407
0.19318947
0.19303893
0.19339576
0.19317232
0.19308378
0.19354370
0.19316737
0.19335897
0.19314196
0.19325244
0.19311498
0.19345279
0.19332305
0.19349037
0.19333521
0.19309785
0.19308815
0.19305125
0.19329799
0.19333647
0.19334300
0.19312875
0.19327277
0.19344472
0.19305829
0.19299309
0.19321973
0.19306404
0.19304965
0.19317780
0.19313137
0.19306304
0.19325157
0.19331254
0.19308490
0.19308403
0.19322627
0.19306852
0.19312005
0.19304315
0.19317080
0.19311043
0.19305553
0.19336317
0.19316809
0.19346976
0.19293945
0.19317691
0.19315143
0.19314369
0.19304568
0.19316524
0.19316555
0.19310236
0.19316846
0.19361142
0.19303588
0.19318812
0.19309502
0.19319589
0.19332549
0.19300159
0.19312753
0.19321048
0.19312845
0.19326538
0.19294114
0.19310969
0.19308870
0.19311890
0.19312488
0.19285997
0.19295390
0.19299103
0.19316116
0.19376108
0.19328384
0.19309288
0.19331942
0.19322663
0.19329231
0.19304492
0.19319966
0.19335454
0.19305767
0.19328991
0.19315396
0.19352723
0.19331748
0.19315721
0.19305539
0.19316355
0.19303758
0.19306693
0.19323199
0.19320272
0.19322888
0.19319584
0.19312934
0.19328920
0.19330294
0.19311636
0.19313207
0.19318000
0.19317198
0.19311170
0.19328818
0.19367562
0.19364507
0.19348088
0.19326318
0.19311456
0.19305255
0.19302572
0.19303237
0.19302483
0.19306406
0.19314861
0.19322926
0.19324331
0.19324514
0.19312910
0.19318354
0.19286513
0.19301874
0.19306694
0.19302480
0.19338012
0.19325463
0.19308474
0.19288582
0.19352859
0.19320473
0.19308423
0.19303443
0.19325410
0.19309714
0.19314627
0.19319250
0.19323088
0.19319155
0.19302252
0.19331707
0.19295246
0.19316214
0.19331969
0.19308497
0.19336846
0.19341355
0.19315709
0.19308217
0.19330362
0.19313595
0.19296494
0.19332858
0.19339377
0.19318972
0.19301019
0.19315492
0.19331432
0.19317969
0.19335688
0.19348928
0.19347219
0.19327682
0.19319482
0.19342186
0.19341464
0.19303207
0.19314960
0.19316661
0.19318313
0.19332861
0.19318094
0.19323216
0.19301305
0.19341752
0.19332788
0.19306747
0.19321320
0.19325081
0.19318973
0.19320335
0.19313380
0.19316611
0.19309447
0.19327344
0.19332313
0.19313241
0.19316348
0.19316164
0.19308784
0.19319526
0.19315157
0.19322764
0.19298617
0.19312628
0.19313624
0.19326407
0.19307184
0.19321627
0.19327586
0.19321926
0.19307634
0.19312157
0.19327818
0.19319849
0.19300851
0.19320810
0.19327079
0.19311342
0.19354403
0.19321646
0.19321345
0.19308872
0.19305926
0.19341902
0.19312820
0.19296927
0.19308704
0.19314295
0.19311061
0.19361575
0.19336479
0.19315224
0.19314187
0.19318546
0.19318859
0.19327560
0.19314994
0.19312339
0.19316427
0.19315671
0.19317733
0.19321621
0.19288832
0.19321254
0.19340072
0.19336514
0.19318960
0.19293898
0.19326566
0.19319437
0.19321927
0.19323800
0.19302770
0.19307624
0.19312876
0.19330402
0.19306929
0.19321741
0.19324468
0.19298854
0.19324135
0.19313968
0.19332018
0.19309262
0.19322035
0.19304988
0.19321362
0.19319647
0.19292743
0.19281197
0.19303182
0.19329644
0.19314912
0.19331432
0.19321209
0.19290259
0.19349470
0.19330809
0.19352358
0.19333865
0.19321203
0.19356663
0.19340133
0.19308735
0.19335845
0.19341538
0.19315555
0.19294858
0.19313235
0.19337252
0.19308540
0.19295729
0.19330992
0.19321657
0.19317704
0.19314586
0.19322030
0.19307098
0.19294989
0.19354025
0.19315667
0.19331457
0.19334005
0.19306211
0.19341514
0.19310018
0.19304778
0.19311692
0.19326449
0.19321943
0.19306770
0.19318116
0.19315082
0.19302229
0.19312806
0.19311084
0.19313765
0.19314934
0.19302494
0.19292700
0.19326246
0.19351052
0.19316350
0.19313443
0.19319788
0.19322453
0.19312845
0.19314184
0.19330158
0.19309728
0.19306031
0.19306096
0.19308745
0.19321865
0.19337056
0.19292298
0.19301058
0.19318474
0.19297795
0.19314127
0.19320565
0.19316227
0.19315135
0.19326068
0.19345584
0.19307589
0.19346096
0.19308206
0.19321367
0.19347493
0.19317952
0.19336827
0.19396092
0.19322122
0.19375853
0.19314280
0.19334397
0.19314183
0.19336761
0.19310268
0.19314281
0.19354556
0.19315713
0.19299851
0.19308798
0.19345765
0.19317615
0.19284687
0.19316142
0.19315352
0.19311229
0.19317234
0.19319043
0.19334113
0.19320870
0.19314352
0.19307714
0.19310329
0.19330030
0.19318847
0.19305268
0.19307694
0.19318376
0.19329326
0.19315345
0.19314619
0.19315636
0.19345003
0.19307686
0.19335411
0.19331958
0.19319887
0.19318092
0.19318109
0.19310277
0.19322207
0.19326304
0.19344493
0.19320725
0.19305793
0.19318115
0.19290279
0.19346070
0.19315404
0.19309342
0.19318926
0.19306630
0.19310317
0.19337366
0.19320221
0.19306919
0.19324095
0.19316365
0.19341560
0.19340101
0.19313053
0.19305070
0.19307841
0.19311343
0.19308653
0.19305141
0.19307176
0.19320655
0.19316000
0.19299479
0.19335927
0.19323051
0.19308391
0.19293319
0.19315736
0.19311115
0.19324839
0.19325273
0.19315109
0.19291723
0.19322091
0.19323206
0.19312091
0.19317176
0.19334826
0.19310106
0.19318908
0.19308165
0.19298021
0.19326986
0.19332079
0.19314948
0.19323475
0.19329076
0.19317514
0.19307203
0.19302908
0.19300427
0.19327886
0.19294428
0.19310468
0.19340360
0.19296706
0.19318402
0.19314536
0.19310497
0.19314555
0.19293588
0.19322453
0.19309865
0.19318447
0.19283037
0.19310582
0.19309982
0.19339463
0.19311772
0.19309939
0.19324398
0.19325777
0.19297151
0.19324439
0.19310266
0.19316513
0.19318634
0.19313079
0.19309102
0.19307538
0.19321000
0.19309799
0.19351665
0.19308187
0.19309461
0.19316169
0.19307599
0.19306248
0.19286665
0.19321677
0.19313077
0.19317426
0.19319252
0.19313855
0.19296689
0.19299207
0.19321863
0.19323674
0.19345584
0.19323091
0.19334509
0.19309613
0.19319048
0.19306435
0.19323817
0.19323467
0.19326704
0.19310754
0.19315587
0.19305261
0.19319673
0.19306109
0.19306762
0.19316185
0.19344609
0.19325964
0.19312795
0.19302703
0.19322998
0.19325756
0.19321011
0.19310368
0.19317780
0.19332533
0.19313350
0.19325696
0.19339801
0.19311554
0.19320867
0.19322738
0.19319655
0.19328678
0.19303945
0.19338253
0.19309459
0.19318212
0.19317757
0.19314463
0.19319135
0.19311965
0.19328359
0.19305074
0.19348047
0.19306570
0.19312398
0.19320412
0.19287275
0.19306777
0.19295662
0.19314706
0.19324022
0.19333513
0.19308175
0.19314350
0.19315819
0.19312412
0.19322071
0.19304696
0.19306887
0.19308614
0.19321733
0.19304386
0.19314410
0.19314750
0.19300268
0.19326802
0.19308917
0.19309107
0.19311486
0.19308508
0.19339495
0.19291395
0.19325191
0.19314361
0.19307614
0.19318947
0.19312928
0.19307476
0.19310624
0.19311931
0.19304101
0.19312989
0.19289538
0.19315370
0.19317930
0.19325223
0.19316684
0.19346047
0.19303340
0.19310722
0.19319676
0.19290329
0.19302482
0.19309296
0.19320336
0.19307067
0.19302599
0.19321859
0.19332013
0.19307020
0.19313027
0.19346861
0.19305879
0.19327485
0.19330636
0.19314091
0.19310808
0.19305605
0.19326320
0.19287742
0.19318056
0.19288052
0.19316608
0.19319054
0.19327093
0.19292970
0.19337477
0.19318123
0.19320578
0.19331524
0.19308329
0.19328359
0.19308400
0.19296179
0.19314965
0.19289770
0.19305686
0.19317463
0.19303879
0.19313296
0.19316696
0.19325670
0.19312448
0.19310208
0.19303907
0.19325266
0.19315953
0.19319376
0.19304638
0.19321149
0.19318300
0.19311689
0.19320644
0.19319848
0.19343113
0.19312965
0.19317503
0.19322795
0.19317163
0.19340150
0.19307974
0.19326638
0.19314707
0.19313948
0.19334365
0.19323005
0.19301013
0.19289179
0.19313138
0.19315543
0.19322864
0.19329763
0.19303643
0.19297375
0.19322907
0.19324514
0.19313043
0.19321885
0.19319604
0.19307557
0.19310209
0.19309022
0.19317360
0.19314669
0.19319944
0.19310939
0.19306530
0.19304389
0.19303974
0.19311885
0.19303287
0.19325104
0.19316172
0.19330710
0.19319907
0.19335363
0.19309023
0.19295756
0.19343361
0.19306919
0.19310180
0.19336566
0.19315296
0.19308409
0.19316378
0.19316322
0.19308275
0.19316630
0.19330498
0.19327474
0.19305057
0.19333967
0.19315447
0.19304780
0.19306912
0.19320796
0.19292310
0.19323521
0.19303876
0.19351138
0.19331233
0.19291255
0.19310307
0.19304782
0.19310301
0.19330035
0.19316496
0.19307171
0.19329986
0.19324001
0.19324652
0.19313218
0.19306595
0.19322372
0.19302672
0.19307896
0.19312544
0.19309383
0.19320503
0.19326655
0.19320730
0.19296633
0.19323141
0.19344076
0.19317669
0.19319410
0.19318466
0.19318216
0.19320428
0.19313958
0.19333081
0.19300960
0.19330452
0.19319905
0.19292673
0.19310429
0.19322687
0.19328090
0.19309646
0.19310951
0.19320282
0.19298996
0.19287930
0.19324800
0.19312139
0.19307882
0.19306727
0.19331723
0.19308688
0.19322307
0.19318021
0.19345570
0.19401162
