0.19035480
0.19266045
0.19147866
0.19333268
0.19175177
0.19049278
0.19207060
0.18933176
0.19044421
0.19325470
0.19159913
0.18993015
0.19313432
0.19438314
0.19173956
0.19197065
0.19082272
0.18978265
0.19053990
0.19425321
0.19122555
0.19008456
0.19013925
0.19304387
0.19113395
0.19232890
0.19439837
0.19108395
0.19341874
0.19076421
0.19399155
0.19239305
0.19054627
0.19257762
0.19232798
0.19190144
0.19245711
0.19293885
0.19108507
0.19313110
0.19053838
0.19453092
0.19344478
0.18938790
0.19098647
0.19080300
0.18990973
0.18974479
0.19347665
0.19252406
0.19085467
0.19052884
0.19039736
0.19418963
0.19427938
0.19163517
0.19428269
0.19303181
0.18996412
0.19130277
0.19155969
0.19080873
0.19185521
0.19104231
0.18960934
0.18946582
0.19359559
0.19344906
0.19187439
0.19163804
0.19256427
0.19215047
0.19352919
0.19003755
0.19090379
0.19108549
0.19008056
0.19295872
0.19023774
0.19426407
0.19174676
0.19011738
0.19320592
0.19115107
0.19166792
0.19229165
0.19013479
0.19216742
0.19134301
0.19204969
0.19351246
0.19266359
0.19187137
0.19164398
0.19300378
0.19104948
0.19243120
0.19107913
0.19034175
0.19053863
0.19219366
0.19113157
0.19289944
0.19298880
0.19084539
0.18964441
0.18979734
0.19256278
0.19259112
0.19050251
0.19055667
0.19026562
0.19139068
0.19199325
0.19295783
0.19350462
0.19226840
0.19444779
0.19420381
0.19154337
0.19303851
0.19121680
0.18954910
0.19018669
0.19284088
0.19138783
0.18955094
0.19096835
0.19083859
0.19502957
0.19017823
0.19146441
0.19212502
0.19188361
0.19152684
0.19311549
0.19207725
0.19008626
0.19221900
0.19346851
0.19015284
0.19399564
0.19338742
0.19117322
0.19065329
0.19458123
0.19281294
0.19239270
0.18994825
0.19438259
0.19334798
0.19168475
0.19290079
0.18914009
0.19388495
0.19106228
0.19092836
0.19396412
0.19211333
0.19153433
0.19069458
0.18918885
0.19158645
0.19027609
0.19076512
0.19128248
0.19339354
0.19302787
0.19356792
0.19294134
0.19235043
0.19045891
0.19009365
0.18965237
0.19317568
0.19310122
0.19116105
0.19367272
0.19163837
0.19067326
0.19024643
0.19076477
0.19231518
0.19122494
0.19289185
0.19382808
0.19149948
0.18972259
0.19411382
0.19106091
0.19175486
0.19347273
0.19071377
0.19150938
0.19401927
0.19237249
0.19193266
0.19174132
0.19123878
0.19262837
0.19234727
0.19012748
0.18972975
0.19474500
0.19076007
0.19380085
0.18934633
0.19342662
0.19049408
0.19265442
0.19464970
0.18995053
0.19057783
0.19370177
0.19086946
0.19247738
0.19366364
0.19273377
0.19133540
0.18956267
0.19430225
0.19317703
0.19038797
0.19367409
0.19106919
0.19041390
0.19487465
0.18950390
0.19268754
0.19232607
0.19033679
0.19102455
0.19045816
0.19164237
0.18960942
0.19224133
0.19267803
0.19275618
0.19358721
0.18960975
0.19252984
0.19429373
0.19269638
0.19293680
0.19360659
0.19082390
0.19053505
0.19063215
0.18980776
0.19196008
0.19024395
0.19053014
0.19240225
0.19138341
0.19232079
0.19489236
0.19293455
0.19132694
0.19303970
0.19376397
0.18981099
0.19089240
0.19119565
0.19018098
0.19199936
0.19110514
0.19421157
0.19216490
0.19042445
0.19172737
0.19260679
0.19216351
0.19293199
0.19017924
0.19281367
0.19082162
0.19265502
0.19101387
0.19036989
0.19136243
0.19025886
0.19168735
0.19255674
0.19082155
0.19315890
0.19211232
0.19024002
0.19299084
0.19173636
0.19250464
0.19173180
0.19066549
0.19457945
0.19308102
0.19123535
0.19243903
0.19142399
0.18992666
0.19016112
0.19217479
0.18946594
0.19096341
0.19036275
0.19327841
0.19277071
0.19200161
0.19309590
0.19091926
0.19093574
0.19211852
0.19047233
0.18971031
0.19265237
0.19024258
0.18928502
0.19383445
0.19110522
0.19316608
0.19003444
0.19296822
0.19082534
0.19160412
0.19092490
0.19352064
0.18918642
0.19067326
0.19209509
0.19374738
0.19319577
0.19031619
0.19253870
0.19031788
0.19065033
0.19131917
0.19198419
0.19389218
0.18996138
0.19158184
0.19052193
0.19443049
0.19087382
0.19256724
0.19166059
0.19467201
0.18953142
0.19511761
0.19075351
0.19042243
0.19178838
0.19109438
0.19129624
0.19218618
0.19024493
0.19267625
0.18955911
0.19193478
0.19366789
0.18877253
0.19308160
0.19138082
0.19134567
0.19023584
0.19208350
0.19131108
0.19308407
0.19262247
0.19110767
0.19329210
0.19037415
0.19162043
0.19054951
0.19145113
0.19074879
0.19156033
0.19412980
0.18969543
0.19289056
0.19079255
0.19031644
0.19193129
0.18971884
0.19145447
0.19397617
0.19268234
0.19141043
0.19241719
0.19126546
0.19428251
0.19200664
0.19129175
0.19203510
0.19301386
0.19326499
0.19241114
0.19263960
0.19044150
0.19218305
0.19105375
0.19187750
0.19187332
0.19074652
0.19313031
0.19145197
0.19080839
0.19214878
0.19102217
0.19340591
0.19295323
0.18976428
0.19034129
0.18963941
0.19451077
0.19411380
0.19278607
0.19332463
0.19444202
0.19110386
0.19196187
0.19100123
0.19381392
0.18901128
0.19056903
0.18993963
0.19082571
0.19216452
0.19288068
0.19190641
0.19036498
0.19272686
0.19288118
0.19093031
0.19049373
0.19188686
0.19302463
0.19123205
0.19169307
0.19287423
0.19301711
0.19141426
0.19180953
0.19126990
0.19378931
0.19033851
0.18973727
0.19290626
0.19184429
0.18994337
0.19115186
0.19298387
0.19121844
0.19237738
0.19412892
0.19198014
0.19185075
0.19282710
0.19256144
0.19231599
0.19266775
0.18914380
0.19028264
0.19347338
0.19387274
0.19353081
0.19344894
0.18972601
0.19044759
0.19240482
0.18980795
0.19287397
0.19271770
0.19450863
0.19362757
0.19139621
0.19289681
0.19096059
0.19142208
0.19034991
0.19009851
0.19003863
0.19059161
0.18995431
0.19289207
0.19138532
0.19144948
0.19075295
0.18982730
0.18969688
0.19118840
0.19160633
0.19006444
0.19119817
0.19346961
0.19098213
0.19376789
0.19098325
0.19165372
0.19155936
0.19084113
0.19355839
0.19163826
0.19129417
0.19104234
0.19034550
0.18968635
0.18985739
0.18924542
0.19066922
0.19276247
0.19228583
0.19323695
0.19441362
0.19359491
0.19049505
0.18979406
0.19114969
0.19231181
0.19244739
0.19128965
0.19043809
0.19340477
0.19270012
0.18983407
0.19355521
0.19107847
0.19485216
0.19072622
0.19208383
0.19020280
0.19317986
0.19075355
0.19108779
0.19052389
0.19105804
0.19146631
0.19369552
0.19335106
0.19379704
0.19127590
0.19302397
0.19231746
0.19066185
0.19133133
0.19185672
0.19078754
0.19316079
0.19293046
0.19241050
0.19413162
0.19371991
0.19278167
0.19110068
0.18943043
0.18979689
0.19020104
0.19224166
0.18999848
0.19057916
0.19257730
0.19060117
0.19140673
0.19034127
0.19413819
0.19307201
0.19011766
0.19058383
0.19430498
0.19188749
0.19329192
0.19287266
0.19112908
0.19094612
0.19191102
0.19428136
0.19075210
0.18992223
0.19047498
0.19370834
0.19067333
0.19182012
0.18982163
0.19035409
0.19301451
0.19273312
0.19333700
0.19212563
0.18972456
0.19163725
0.19040350
0.18920764
0.19253441
0.19008158
0.19243015
0.19103989
0.18996453
0.18992521
0.19097404
0.18992505
0.19162778
0.19111589
0.19338723
0.19446708
0.19320116
0.18999034
0.19119768
0.19432661
0.19285432
0.19163323
0.19194829
0.18957811
0.19250273
0.19248103
0.19116744
0.19016250
0.19161800
0.18940527
0.19029084
0.19278527
0.19167556
0.19082499
0.18973996
0.19200048
0.19380427
0.19007654
0.19389792
0.19156284
0.19335970
0.19338732
0.19055597
0.19208053
0.19158848
0.19335014
0.19096270
0.19322700
0.19264047
0.19099117
0.19070173
0.19038545
0.19072655
0.19335864
0.19198576
0.19172059
0.19050601
0.19135913
0.19031834
0.18969424
0.19423692
0.19121376
0.19013833
0.19239046
0.19298993
0.19213342
0.19309709
0.19331397
0.19033963
0.19306791
0.19040734
0.19194001
0.19348148
0.19399970
0.19218212
0.19201771
0.19065453
0.19326916
0.19067828
0.19334790
0.19274742
0.19086771
0.19099593
0.19243063
0.19104381
0.19316894
0.19221039
0.19011387
0.19488449
0.19026198
0.19286003
0.19139356
0.19362405
0.19188102
0.19246006
0.19013896
0.19176990
0.19122111
0.19140847
0.19112485
0.19235272
0.19383992
0.19246000
0.19168239
0.19256436
0.19236666
0.19184269
0.19211428
0.19055990
0.19040498
0.19097236
0.19209219
0.19182762
0.19289685
0.19373006
0.19266453
0.19292190
0.19358457
0.18919009
0.19197739
0.19006841
0.19452218
0.19007158
0.19278074
0.19069725
0.19238646
0.19452011
0.19135453
0.19208852
0.19368964
0.19165140
0.19000768
0.19257519
0.18931419
0.19247721
0.19382699
0.19246542
0.19307901
0.19088268
0.19422314
0.19448425
0.19194270
0.18970475
0.18983209
0.19020983
0.19069051
0.19286517
0.19113568
0.19010942
0.19209452
0.19428236
0.19184461
0.19083134
0.19346648
0.19219689
0.19016749
0.19324395
0.18985549
0.18964630
0.19021361
0.19206353
0.19005838
0.19102824
0.19297751
0.19177559
0.19430476
0.19283588
0.19060739
0.18977112
0.19005308
0.19172174
0.19346794
0.19109578
0.19041345
0.19046548
0.18983100
0.19238751
0.19228195
0.19351890
0.19381563
0.19198668
0.19036465
0.19455611
0.19310135
0.19230674
0.18950650
0.19160247
0.19082194
0.19271484
0.18938946
0.19349594
0.19059351
0.19097833
0.19111484
0.18935179
0.19424960
0.19273988
0.19076342
0.18994163
0.19354675
0.19078716
0.19216781
0.19049434
0.19203569
0.19263994
0.19256506
0.19058400
0.19140823
0.18957462
0.19322467
0.19183455
0.18995137
0.19187646
0.19022345
0.19173650
0.19159873
0.19193255
0.19152357
0.19365036
0.19111705
0.19151441
0.19331057
0.19013346
0.19065607
0.19217137
0.18969978
0.19000269
0.19096257
0.19042292
0.19294012
0.19395141
0.19193117
0.19207333
0.19088190
0.19300231
0.19099078
0.19114181
0.19364909
0.19395923
0.19434281
0.19392964
0.19208174
0.19124945
0.19299317
0.19376307
0.19304500
0.19480747
0.19336291
0.18997692
0.19410187
0.18999402
0.19127589
0.19053209
0.19002879
0.19387583
0.19340985
0.19155978
0.19061656
0.19341052
0.19239782
0.19000208
0.19201089
0.19073391
0.19270400
0.19320554
0.19440127
0.19217115
0.19278859
0.19075083
0.19011815
0.19129666
0.19267663
0.19404365
0.18997838
0.19086326
0.19212614
0.19131492
0.19222223
0.19129932
0.19339383
0.19153524
0.19020737
0.19346120
0.19012005
0.19095133
0.19070863
0.19172947
0.19352305
0.19084769
0.19227498
0.19138349
0.19206340
0.19264386
0.19098309
0.19334499
0.19383776
0.19481808
0.19063893
0.19177992
0.19432938
0.19333206
0.18875737
0.19231314
0.19308598
0.18963687
0.18936482
0.19293458
0.19202082
0.19141724
0.18972734
0.19298526
0.19363776
0.19100934
0.19215185
0.19058261
0.19272482
0.19025951
0.19331980
0.19249985
0.19317993
0.19261651
0.19204646
0.19153133
0.19198378
0.18995084
0.19036570
0.19057099
0.19392019
0.19246192
0.19339446
0.19165550
0.19281664
0.19240632
0.19249790
0.19029740
0.19316007
0.19072344
0.19110663
0.19283095
0.19351371
0.19057306
0.19309469
0.19275499
0.19362755
0.19307328
0.19251719
0.19079997
0.19052588
0.19406393
0.19076335
0.19444353
0.19408213
0.19013045
0.19194450
0.19241864
0.19074569
0.18961878
0.19284537
0.19022156
0.19356277
0.19040983
0.19005587
0.18987589
0.19036600
0.19013802
0.19062778
0.19120945
0.18949982
0.19020126
0.19215379
0.19048128
0.19157744
0.19036477
0.19029921
0.19357999
0.19050796
0.18953206
0.19162040
0.19080842
0.18988021
0.19189285
0.19340223
0.19020355
0.19098517
0.19290979
0.19017729
0.19239667
0.19068051
0.19212274
0.19250317
0.19169047
0.19189625
0.18929424
0.19066248
0.19040574
0.19327863
0.19113893
0.19209523
0.19188256
0.19009752
0.19170650
0.19121865
0.19148723
0.19236987
0.19291229
0.19440348
0.19386087
0.19131204
0.19277344
0.19376325
0.19414270
0.19036116
0.19238778
0.19109658
0.19483480
0.19019305
0.19223568
0.19055811
0.19090210
0.19450051
0.19189567
0.19140470
0.19051890
0.19262825
0.19366701
0.19220014
0.19267107
0.19136007
0.19146645
0.19247443
0.19518439
0.19076465
0.19063397
0.19197682
0.19117109
0.18988283
0.19151281
0.19019050
0.19072371
0.19343395
0.19109279
0.19243822
0.18939475
0.19081659
0.19067106
0.19141080
0.19178375
0.19362142
0.18961393
0.19110823
0.19193400
0.19085609
0.18952110
0.19311419
0.19225941
0.19287991
0.19203936
0.19058975
0.19136369
0.19032815
0.19124152
0.19037652
0.19270235
0.19274725
0.18947576
0.19015985
0.19001760
0.18993525
0.19061006
0.19055698
0.19088858
0.19111868
0.19403354
0.19015960
0.19364249
0.19034579
0.19172630
0.19378311
0.19284846
0.19324354
0.19196610
0.19214636
0.19180591
0.19464203
0.19077013
0.19096527
0.18989953
0.19234101
0.19055997
0.18956814
0.19049724
0.19009275
0.19003251
0.19115764
0.19275706
0.19299424
0.19189845
0.19295962
0.19070735
0.19081821
0.18970464
0.19071044
0.19195981
0.19052964
0.19068991
0.19093995
0.19016437
0.19327507
0.19157676
0.19236788
0.19377703
0.19317730
0.19328820
0.19438567
0.19020076
0.19091567
0.19007748
0.19065226
0.19093601
0.19240969
0.19137482
0.19144786
0.19351748
0.19437102
0.19099316
0.18950900
0.18939514
0.19107202
0.19364932
0.18989834
0.19236804
0.19390799
0.19114888
0.19259151
0.19328139
0.19206272
0.19106947
0.19156638
0.19252195
0.19227170
0.19305142
0.19231254
0.19242961
0.19301139
0.19341600
0.19019325
0.19164585
0.19042367
0.19427425
0.19089105
0.19387049
0.19037211
0.19039653
0.18939773
0.19001384
0.19266273
0.19099590
0.19272698
0.19468769
0.19362844
0.18948674
0.18990204
0.19101808
0.19008640
0.19036028
0.19095204
0.19221061
0.19075486
0.18980443
0.19167836
0.19298651
0.19292526
0.19019880
0.19261522
0.19406942
0.19082467
0.19145359
0.18947037
0.19431041
0.18989753
0.19150477
0.19164626
0.19114721
0.19115381
0.19341542
0.19171593
0.19293704
0.19272467
0.19299435
0.19297165
0.19325439
0.19362600
0.19190498
0.19026352
0.19042338
0.19168763
0.18988895
0.19004950
0.19096089
0.19064921
0.19253765
0.19312995
0.19032367
0.19161264
0.19004689
0.19080093
0.19050880
0.19181594
0.19115055
0.19188418
0.19096791
0.19244195
0.19055894
0.19335828
0.19140830
0.19079922
0.19244196
0.19428270
0.19156677
0.19262491
0.19481590
0.19060234
0.19166391
0.19196339
0.19355727
0.19119884
0.19418009
0.19273012
0.18972466
0.19161561
0.18989132
0.19415760
0.19052845
0.19018074
0.19334367
0.19165305
0.19364690
0.19387311
0.19282990
0.19234901
0.19236088
0.19289857
0.19128292
0.18991987
0.19235593
0.19167206
0.19347532
0.19066072
0.19378273
0.19116733
0.18971498
0.19490807
0.19287112
0.19060871
0.19129776
0.19040515
0.19317610
0.19452889
0.19385337
0.18976795
0.19075781
0.19432065
0.19070362
0.19314354
0.19153238
0.19319537
0.19345257
0.18947997
0.19028506
0.19289327
0.19000971
0.19166174
0.19319367
0.19035517
0.18963017
0.19329410
0.19063680
0.19013779
0.19292392
0.19036186
0.18911069
0.19012698
0.19330207
0.19008275
0.19364667
0.19174118
0.19034721
0.19337245
0.19198744
0.19331251
0.19315281
0.18966256
0.19062291
0.18971890
0.19009695
0.18975835
0.19156847
0.19396921
0.19216841
0.19147831
0.19078104
0.19311532
0.19012671
0.19119772
0.19172959
0.19006406
0.19056306
0.19283979
0.19081834
0.18948223
0.19081189
0.19128449
0.18982053
0.19035167
0.19249916
0.19153382
0.19274637
0.19336619
0.18904784
0.19092884
0.19177996
0.18979389
0.19333351
0.19155752
0.19213412
0.19108058
0.19130245
0.19099661
0.19248405
0.19073093
0.19365821
0.19267975
0.19031630
0.19452216
0.19235051
0.19367471
0.19248748
0.19332573
0.18983330
0.18931226
0.19175596
0.19143171
0.19122719
0.19336803
0.18919630
0.19052145
0.19118213
0.19028224
0.19297335
0.19125411
0.19106247
0.19374246
0.19092872
0.19363362
0.19048396
0.19287351
0.19068388
0.19304381
0.19090870
0.19182294
0.19346848
0.19266065
0.19145027
0.19093332
0.19082988
0.19110328
0.19441017
0.19110330
0.19050535
0.19322996
0.19224963
0.19173172
0.18966030
0.19015224
0.19369466
0.19192613
0.19273930
0.19322710
0.19268223
0.19065878
0.19086006
0.19071349
0.18981886
0.19228156
0.19314096
0.19314566
0.19048402
0.19148036
0.18987037
0.19191721
0.19112129
0.19246810
0.19254926
0.19237555
0.19115828
0.19103472
0.19169180
0.19332551
0.19212312
0.19100367
0.19045788
0.19095106
0.19125978
0.19189712
0.19353870
0.19220328
0.19420926
0.19365694
0.19253638
0.18961530
0.19111662
0.19163320
0.19147729
0.19026425
0.19136970
0.19015384
0.19056256
0.19267899
0.19237976
0.19087888
0.19298800
0.18978189
0.18940216
0.19180886
0.19095731
0.19326930
0.18989250
0.19104800
0.19457678
0.19410141
0.19046543
0.19121389
0.19018773
0.19120437
0.19273838
0.19082180
0.19043923
0.19100824
0.19172985
0.19364507
0.19102056
0.19269621
0.19246374
0.19286991
0.19318153
0.19041167
0.19235078
0.19307074
0.19008326
0.19128931
0.19169968
0.19109722
0.18998095
0.18983565
0.19134610
0.19106286
0.19383506
0.18939755
0.19462656
0.18912706
0.19125574
0.19421588
0.19317087
0.19206583
0.18984262
0.19435333
0.19279282
0.19489465
0.19255250
0.19275863
0.19306376
0.19223989
0.19274867
0.19148768
0.18950001
0.19342115
0.19447611
0.19225904
0.19474189
0.19074610
0.19361443
0.19364238
0.19263966
0.19153991
0.19251315
0.19037666
0.19374131
0.19060639
0.19271601
0.19041849
0.19423244
0.19099484
0.19133227
0.19086202
0.19092426
0.19209777
0.19323119
0.19348341
0.19160018
0.19024023
0.18987054
0.19207422
0.19201446
0.19332234
0.19149296
0.19056591
0.19367713
0.18969330
0.19298890
0.19113830
0.19432914
0.19105025
0.19123000
0.19045531
0.19218340
0.19425967
0.18951648
0.18971857
0.18944824
0.19133403
0.19270138
0.19154812
0.19306004
0.19427526
0.19298936
0.19026677
0.19050611
0.19236454
0.19043172
0.19047077
0.19115413
0.18983315
0.18953118
0.19240385
0.19055946
0.19119078
0.19436636
0.18935301
0.19215279
0.19366787
0.19034859
0.19298278
0.19062178
0.19021707
0.19122177
0.19029544
0.19316852
0.19148410
0.19248725
0.19020980
0.19217005
0.19250003
0.19208150
0.19414335
0.19368044
0.19248067
0.19316096
0.19402194
0.19108884
0.19060286
0.19082822
0.19359853
0.19077842
0.18949739
0.19035188
0.19046447
0.19159822
0.19349351
0.19002619
0.19070568
0.19235813
0.19189569
0.19463905
0.19105520
0.19028556
0.18952764
0.19099084
0.19370023
0.19414959
0.19192058
0.19228006
0.19013249
0.19348727
0.19005400
0.19297824
0.18961992
0.19180891
0.19015371
0.19035238
0.19220399
0.19020347
0.19273091
0.19413174
0.19410286
0.19012060
0.19306397
0.19127929
0.19135502
0.18941771
0.19103229
0.19157530
0.19036533
0.19079532
0.19284610
0.19303281
0.19355784
0.19341821
0.18935090
0.19108808
0.19120968
0.19354634
0.19179641
0.19294069
0.19360248
0.19168013
0.19174846
0.19073072
0.19328273
0.19000941
0.18993921
0.19350196
0.19211608
0.18989847
0.19199692
0.19385045
0.19195693
0.19247053
0.19045620
0.19318424
0.19063583
0.19301993
0.19130876
0.19114355
0.19134875
0.19042231
0.19247625
0.19344760
0.19011432
0.19327339
0.19273566
0.19184475
0.19142677
0.19183131
0.18970864
0.19260457
0.19399607
0.18976783
0.19419427
0.19093187
0.19062635
0.19314325
0.19002747
0.19427844
0.19327676
0.19432385
0.19036580
0.19407528
0.19041699
0.19119966
0.19256209
0.19033377
0.19067455
0.19366454
0.19135517
0.19122104
0.19095810
0.19326813
0.19363141
0.19361675
0.19233720
0.19236173
0.18994534
0.19032227
0.19211528
0.19256864
0.19349270
0.19143273
0.19208637
0.19106465
0.19178173
0.19143460
0.19198734
0.19529296
0.19092503
0.19061818
0.19143760
0.19181205
0.19389539
0.19243675
0.19045175
0.19238226
0.19323748
0.19169961
0.18973043
0.19145517
0.19341140
0.19201663
0.19278222
0.19015343
0.19145235
0.19073650
0.19017695
0.19031096
0.19304007
0.19443289
0.19090827
0.19456502
0.19059512
0.19233695
0.18997908
0.18997374
0.19007448
0.19264577
0.19112749
0.19364637
0.19038521
0.19176490
0.19166348
0.19091422
