14128
4060
5683
11356
10176
3945
665
14630
8077
6387
2617
12670
285
12624
16179
5752
2475
12712
16523
7960
9867
3999
11384
15203
16634
2029
2590
8809
9269
2187
14331
11006
1342
3110
16037
13022
15889
12320
11747
13475
1065
7796
1317
9552
11154
15950
12140
1112
9155
4110
3591
7472
14658
16603
6713
11656
13880
10707
917
7360
2117
4464
10560
14162
12257
1713
9761
7403
11186
4376
13316
5044
3030
4520
12856
10108
7696
8664
55
7037
5411
12211
16771
15204
7923
13694
6611
6076
14554
5018
12440
13386
408
16219
7571
10997
13472
3039
604
12766
6941
11695
3914
1375
9885
3611
12121
15055
1531
3280
7757
15168
7638
5370
14993
16397
6930
17035
3469
15465
2784
6378
11993
2289
3844
13957
7492
5930
12872
7051
8831
4825
5308
13512
10385
2258
13572
4763
5519
6975
2339
10181
7912
11768
14604
9053
3249
4008
12543
14295
1399
4224
11324
14745
9075
169
4921
8622
16129
1979
16493
9500
2931
9488
7294
13909
3559
10735
2142
6177
3954
14282
5375
1432
3299
6264
13425
8716
13897
11409
819
5479
13446
1844
16711
12723
6046
7221
6775
9897
5626
9161
10624
6499
6655
4671
450
2217
10582
15809
5440
5257
14866
9487
1356
12534
9498
2274
8823
2984
14167
7710
9938
7820
727
15121
1681
13267
2135
3905
14429
13169
2569
9305
8181
7795
14187
15716
271
4126
12435
12832
455
12988
8996
15959
4736
4096
956
11919
10910
7727
1879
13375
14895
15606
1568
16531
4889
16255
15228
2867
13677
4435
122
14545
1439
16356
3231
3800
12385
11788
31
13992
8111
10760
1739
11123
4351
6950
5234
679
16500
4121
15323
6808
1157
11785
7300
548
12808
6341
16659
724
16809
2022
4578
912
10068
13286
363
6660
5987
16295
11167
3934
16155
3801
8323
11074
8940
2467
1474
6166
7645
11579
3048
11610
15004
9882
4401
3624
9247
12333
8271
10233
6533
8854
12774
12414
8173
3312
3584
1827
8935
14436
5720
11958
1491
2265
12494
12680
8877
2821
13141
16617
77
208
7684
14487
2450
4605
13
6695
4787
8444
7452
2555
15290
11655
4461
6281
6682
16649
12781
5614
12274
8455
4854
4841
5862
8965
12975
6235
13585
609
6996
3493
11414
10375
13845
4304
15754
16268
14393
14584
8746
11394
4209
5501
1616
7099
14407
1098
5656
11028
11677
10191
6141
16254
653
4946
7553
5332
13664
15222
4641
13641
16205
5202
479
1609
13533
16322
130
11703
10289
6959
14318
16018
12032
2378
5907
1036
8042
14045
11778
4571
2543
3621
8468
342
1514
11037
5508
3519
15559
14596
5809
12574
785
5171
4246
2908
15190
10968
16685
13732
565
11331
15876
7427
3246
8371
6455
5146
7274
493
6142
557
6468
17003
7115
5164
3856
6415
343
4930
9119
1672
2212
16975
301
2720
12473
8495
16911
9012
10021
6194
8524
7411
517
1505
16622
15398
10022
15240
15804
3202
1584
10593
11554
6958
8891
7224
15826
4426
16176
9148
2833
2940
16310
1297
6814
180
5327
8687
12715
13035
5235
13809
5745
10790
14678
12043
10975
4834
5789
9347
12256
11280
1260
11505
3077
5782
6292
11345
15618
10472
13395
12365
3201
14084
7128
240
15476
302
1621
3664
7201
1170
15520
5882
1761
10757
8810
5898
8590
12478
11822
9905
524
14190
16953
2178
245
14763
14855
13069
9784
1416
9288
3756
11862
1035
16820
3996
5073
3029
8517
9731
3870
12533
13939
12751
13248
6035
12889
15658
2963
13783
14819
12820
11969
9818
3483
4337
9925
1300
11710
15227
16317
1225
12857
10712
6368
12072
7502
3966
16794
6124
2797
4375
12144
6012
9208
5980
16924
2856
2396
2244
12692
9916
2294
15143
15587
9984
632
2042
86
7566
7257
9908
12787
7436
3349
375
4255
11073
5851
5915
829
8632
15376
15923
15265
745
2039
392
13742
13327
8026
1070
7552
14356
6782
1758
15181
13552
15586
1087
6738
16986
11271
7737
5848
12015
4595
16351
15877
10838
10687
4169
9339
4131
10925
9407
12606
10286
695
761
10093
443
2774
10394
6398
16000
12390
11627
1237
15783
682
14455
14017
15673
12961
6729
6058
5420
2333
15556
2533
5082
15481
13710
2754
4537
2923
16743
6155
4348
8196
14007
2173
8579
4655
1965
14935
6765
4164
878
13087
12656
5294
282
14367
4610
9781
14148
15799
14071
2941
5802
1707
8209
3604
1006
4983
3118
6095
13412
15355
2753
7505
10209
15395
12643
3921
11500
5661
16095
13136
4181
16065
8912
804
3216
938
4032
11439
926
10873
12114
9164
3133
1494
9804
15287
13530
8374
1052
4149
9494
7058
5070
16793
6634
7048
5461
10457
16925
6351
2840
9091
5686
4905
7084
10814
10418
12581
1946
1826
16877
4698
13189
16501
232
6750
3450
14125
2892
10897
12459
3427
3380
4585
3562
6205
4519
15099
4219
2055
16586
15649
4489
16116
7821
12179
5586
11568
7835
4326
10151
15364
16235
10673
2281
2576
13665
12485
8969
11140
8956
2874
1717
5740
5012
10991
1917
15090
2735
16566
7858
7715
9293
6358
16300
6901
1671
11316
2308
10247
12291
9379
7987
15596
14802
12024
6520
1849
5035
10322
13792
6454
1194
11139
9380
992
1561
8894
6110
11523
6874
7155
10489
16337
2598
12397
8411
12928
15958
2076
11613
11302
2651
10419
11430
4389
16230
2767
8128
16963
6654
11042
752
832
1893
3148
3012
7029
7788
3234
10954
8294
7621
8464
6483
1421
12055
8985
6184
5494
4390
9039
1931
10464
9579
6088
1660
5867
12193
3884
235
1469
5250
514
2993
13220
69
7610
16441
3715
4902
8062
5548
1905
12981
16853
2322
10259
352
5727
15831
12516
4033
1257
16019
7900
13567
13364
13068
3597
12761
11243
7118
16989
1045
420
13332
7877
11514
15687
10690
1639
10216
8913
7262
2307
4009
11357
4434
15148
10036
11088
11873
5820
2511
1053
7832
15256
10443
15390
2079
4105
5470
7549
9058
13148
16641
8239
13458
877
10992
4625
13047
13605
8259
712
1784
1131
16078
11198
15433
272
3017
11763
2129
4048
4080
6554
6723
2239
6471
9443
6083
320
5823
5675
8356
10138
5404
16996
10405
2298
4
15506
11817
13300
2730
5272
1177
8797
13239
10898
7136
5063
8081
5697
12945
12059
5493
12687
801
8240
16348
6197
8355
771
13731
11644
15978
16379
14031
5093
432
14270
12107
6240
5218
16309
13693
10806
5437
1890
1986
12740
6280
9807
14626
4293
12155
4512
6593
11812
13971
2737
3727
13988
10165
859
8112
2666
5943
8836
15564
11551
391
14531
16549
8011
4767
44
1156
14685
3524
4492
16128
2979
10081
3667
4206
4750
43
10963
9563
7466
5837
16040
11849
9635
12303
6373
6563
64
2650
1811
2826
14157
10224
11402
7228
15428
4644
5262
10002
12974
12432
7349
8697
3726
9106
10483
2676
12225
10003
7812
121
6210
12590
6129
3392
6900
12306
15793
6395
10333
10067
11344
2690
1734
13763
12623
14511
9366
10137
4570
2426
4692
4594
16725
159
13007
14443
2128
640
7420
16730
9404
14340
14462
5354
5565
5267
190
13287
1145
11049
13463
12162
9698
11842
15926
2364
8535
5564
168
10821
4421
7369
13192
4844
1153
3503
8568
3223
13762
5484
3769
4542
15529
1726
3785
2091
4470
1084
1779
10889
762
11255
3065
14200
13602
2387
13240
9628
259
9525
7003
11015
16678
5121
13898
6247
16865
9479
2551
10941
5532
8644
16074
17015
7655
3706
7646
12128
7529
15078
959
8786
10365
9359
12819
12993
209
10928
11478
222
15834
5615
16372
13177
2879
1651
429
14038
13842
16759
12752
9975
11291
7381
8368
9183
7216
7204
8480
14102
11450
7905
12282
16524
9732
2561
892
9416
4334
1599
8385
7775
12364
7042
3258
10721
16804
8929
9840
11266
9184
2764
5182
4273
16411
10944
6749
2196
12589
6766
1588
14731
9100
11229
3737
11210
11155
13815
3906
12343
6329
3003
7482
16096
8578
16936
12567
2446
9460
925
8675
6949
5638
15007
10771
9660
574
15421
11937
12697
16286
3109
6974
7141
16457
595
15790
6867
1026
8315
8326
32
3393
6486
8694
9138
12048
11595
6219
2679
10301
14838
469
11663
9242
9825
10951
10504
3778
11731
15739
4672
10850
10526
12204
13625
4362
4780
1517
7849
11711
6710
562
6536
5940
10018
14917
6442
15462
14623
3819
8392
786
8084
9217
3982
13927
17012
2413
12281
2064
1199
1859
6700
13799
14402
11217
7026
621
223
13401
15766
11628
5674
1817
13127
8777
1544
364
5836
15445
3413
5702
5895
15719
8224
9020
5053
2629
5126
7338
13613
16972
4628
16939
3074
13078
10440
10796
1702
772
15495
9419
8743
6515
14285
2344
4313
11128
9172
15308
3920
15178
10614
2891
7187
8408
14532
4812
11020
14961
10826
13829
15613
12560
14020
11682
4372
4450
7065
9005
4451
16471
2740
8472
6602
9501
7012
12799
15933
11565
8333
7515
2968
7076
15019
9837
8076
13272
11250
13445
9032
13101
6003
13490
14473
9532
6023
14871
16893
16169
852
15694
6877
15218
15083
1638
8424
14892
10104
5669
15854
5454
4760
7447
10574
3935
16786
3151
6931
3577
8135
7588
7844
7975
10376
11594
7751
149
1930
16948
6267
8308
1596
12237
8653
3332
15309
13519
2958
6562
1429
15332
4554
6350
4478
14112
6311
1216
8343
10886
979
6000
3457
15050
8144
11972
15628
10657
4911
6615
177
1798
16514
4477
15847
12445
496
10918
13255
6645
2608
8158
3541
14835
13968
594
2849
12336
8155
9129
9260
9538
536
313
8483
9774
11874
13511
13866
12840
258
12100
11641
8550
7106
11852
11920
11423
6055
4193
15333
8249
5812
7162
14222
12867
12675
6134
14143
12266
12405
12584
527
1972
8923
5201
3322
1462
14715
10575
1459
10454
1769
12038
3294
11164
1841
16137
8678
3637
11149
409
16148
12192
7406
12503
2630
6098
8627
5208
9395
4561
15769
9346
10697
10516
3533
8787
5100
382
1091
11533
5963
10801
10277
10603
2045
8191
6293
8999
4892
10115
12551
10223
15412
1914
7585
9519
7092
6508
14349
2487
7880
2165
2693
10641
7151
13974
3770
503
11003
4237
6967
8870
1693
2019
15381
11522
3644
15863
3337
16627
5099
5028
13166
5105
5403
15576
8454
1922
1772
9951
10264
9139
4914
14784
3086
2156
4282
16770
15274
8012
5284
3173
9764
13182
2253
8053
2351
15631
6795
2373
13908
14565
6121
8329
616
1526
1353
740
2640
2316
10650
11197
3498
